       1   -0.013606
       2   -0.013606
       3   -0.013526
       4   -0.013526
       5   -0.013421
       6   -0.013421
       7   -0.013385
       8   -0.013385
       9   -0.013395
      10   -0.013395
      11   -0.013397
      12   -0.013397
      13   -0.013387
      14   -0.013387
      15   -0.013374
      16   -0.013374
      17   -0.013362
      18   -0.013362
      19   -0.013349
      20   -0.013349
      21   -0.013335
      22   -0.013335
      23   -0.013318
      24   -0.013318
      25   -0.013300
      26   -0.013300
      27   -0.013283
      28   -0.013283
      29   -0.013270
      30   -0.013270
      31   -0.013257
      32   -0.013257
      33   -0.013242
      34   -0.013242
      35   -0.013225
      36   -0.013225
      37   -0.013205
      38   -0.013205
      39   -0.013183
      40   -0.013183
      41   -0.013160
      42   -0.013160
      43   -0.013135
      44   -0.013135
      45   -0.013110
      46   -0.013110
      47   -0.013083
      48   -0.013083
      49   -0.013053
      50   -0.013053
      51   -0.013023
      52   -0.013023
      53   -0.012993
      54   -0.012993
      55   -0.012962
      56   -0.012962
      57   -0.012931
      58   -0.012931
      59   -0.012899
      60   -0.012899
      61   -0.012866
      62   -0.012866
      63   -0.012831
      64   -0.012831
      65   -0.012796
      66   -0.012796
      67   -0.012758
      68   -0.012758
      69   -0.012719
      70   -0.012719
      71   -0.012679
      72   -0.012679
      73   -0.012637
      74   -0.012637
      75   -0.012591
      76   -0.012591
      77   -0.012545
      78   -0.012545
      79   -0.012499
      80   -0.012499
      81   -0.012451
      82   -0.012451
      83   -0.012402
      84   -0.012402
      85   -0.012350
      86   -0.012350
      87   -0.012288
      88   -0.012288
      89   -0.012223
      90   -0.012223
      91   -0.012156
      92   -0.012156
      93   -0.012086
      94   -0.012086
      95   -0.012016
      96   -0.012016
      97   -0.011942
      98   -0.011942
      99   -0.011860
     100   -0.011860
     101   -0.011778
     102   -0.011778
     103   -0.011696
     104   -0.011696
     105   -0.011595
     106   -0.011595
     107   -0.011463
     108   -0.011463
     109   -0.011304
     110   -0.011304
     111   -0.011123
     112   -0.011123
     113   -0.010925
     114   -0.010925
     115   -0.010709
     116   -0.010709
     117   -0.010473
     118   -0.010473
     119   -0.010296
     120   -0.010296
     121   -0.010253
     122   -0.010253
     123   -0.010274
     124   -0.010274
     125   -0.010292
     126   -0.010292
     127   -0.010298
     128   -0.010298
     129   -0.010284
     130   -0.010284
     131   -0.010249
     132   -0.010249
     133   -0.010192
     134   -0.010192
     135   -0.010114
     136   -0.010114
     137   -0.010033
     138   -0.010033
     139   -0.009952
     140   -0.009952
     141   -0.009859
     142   -0.009859
     143   -0.009759
     144   -0.009759
     145   -0.009651
     146   -0.009651
     147   -0.009535
     148   -0.009535
     149   -0.009405
     150   -0.009405
     151   -0.009260
     152   -0.009260
     153   -0.009112
     154   -0.009112
     155   -0.008953
     156   -0.008953
     157   -0.008777
     158   -0.008777
     159   -0.008590
     160   -0.008590
     161   -0.008383
     162   -0.008383
     163   -0.008155
     164   -0.008155
     165   -0.007904
     166   -0.007904
     167   -0.007613
     168   -0.007613
     169   -0.007286
     170   -0.007286
     171   -0.006927
     172   -0.006927
     173   -0.006508
     174   -0.006508
     175   -0.006030
     176   -0.006030
     177   -0.005468
     178   -0.005468
     179   -0.004832
     180   -0.004832
     181   -0.004154
     182   -0.004154
     183   -0.003424
     184   -0.003424
     185   -0.002678
     186   -0.002678
     187   -0.001963
     188   -0.001963
     189   -0.001282
     190   -0.001282
     191   -0.000753
     192   -0.000753
     193    0.000054
     194    0.000054
     195    0.001864
     196    0.001864
     197    0.003710
     198    0.003710
     199   -0.038756
     200   -0.038756
     201   -0.038586
     202   -0.038586
     203   -0.038383
     204   -0.038383
     205   -0.038319
     206   -0.038319
     207   -0.038334
     208   -0.038334
     209   -0.038330
     210   -0.038330
     211   -0.038303
     212   -0.038303
     213   -0.038270
     214   -0.038270
     215   -0.038239
     216   -0.038239
     217   -0.038204
     218   -0.038204
     219   -0.038164
     220   -0.038164
     221   -0.038121
     222   -0.038121
     223   -0.038074
     224   -0.038074
     225   -0.038030
     226   -0.038030
     227   -0.037991
     228   -0.037991
     229   -0.037951
     230   -0.037951
     231   -0.037907
     232   -0.037907
     233   -0.037856
     234   -0.037856
     235   -0.037799
     236   -0.037799
     237   -0.037737
     238   -0.037737
     239   -0.037671
     240   -0.037671
     241   -0.037600
     242   -0.037600
     243   -0.037527
     244   -0.037527
     245   -0.037451
     246   -0.037451
     247   -0.037367
     248   -0.037367
     249   -0.037281
     250   -0.037281
     251   -0.037196
     252   -0.037196
     253   -0.037109
     254   -0.037109
     255   -0.037021
     256   -0.037021
     257   -0.036932
     258   -0.036932
     259   -0.036840
     260   -0.036840
     261   -0.036744
     262   -0.036744
     263   -0.036644
     264   -0.036644
     265   -0.036538
     266   -0.036538
     267   -0.036428
     268   -0.036428
     269   -0.036314
     270   -0.036314
     271   -0.036195
     272   -0.036195
     273   -0.036067
     274   -0.036067
     275   -0.035938
     276   -0.035938
     277   -0.035810
     278   -0.035810
     279   -0.035678
     280   -0.035678
     281   -0.035542
     282   -0.035542
     283   -0.035394
     284   -0.035394
     285   -0.035225
     286   -0.035225
     287   -0.035046
     288   -0.035046
     289   -0.034859
     290   -0.034859
     291   -0.034664
     292   -0.034664
     293   -0.034466
     294   -0.034466
     295   -0.034257
     296   -0.034257
     297   -0.034028
     298   -0.034028
     299   -0.033802
     300   -0.033802
     301   -0.033577
     302   -0.033577
     303   -0.033300
     304   -0.033300
     305   -0.032936
     306   -0.032936
     307   -0.032501
     308   -0.032501
     309   -0.032012
     310   -0.032012
     311   -0.031478
     312   -0.031478
     313   -0.030895
     314   -0.030895
     315   -0.030258
     316   -0.030258
     317   -0.029797
     318   -0.029797
     319   -0.029698
     320   -0.029698
     321   -0.029767
     322   -0.029767
     323   -0.029822
     324   -0.029822
     325   -0.029842
     326   -0.029842
     327   -0.029805
     328   -0.029805
     329   -0.029710
     330   -0.029710
     331   -0.029559
     332   -0.029559
     333   -0.029357
     334   -0.029357
     335   -0.029147
     336   -0.029147
     337   -0.028935
     338   -0.028935
     339   -0.028686
     340   -0.028686
     341   -0.028410
     342   -0.028410
     343   -0.028112
     344   -0.028112
     345   -0.027796
     346   -0.027796
     347   -0.027440
     348   -0.027440
     349   -0.027048
     350   -0.027048
     351   -0.026643
     352   -0.026643
     353   -0.026203
     354   -0.026203
     355   -0.025713
     356   -0.025713
     357   -0.025186
     358   -0.025186
     359   -0.024605
     360   -0.024605
     361   -0.023969
     362   -0.023969
     363   -0.023273
     364   -0.023273
     365   -0.022472
     366   -0.022472
     367   -0.021578
     368   -0.021578
     369   -0.020595
     370   -0.020595
     371   -0.019455
     372   -0.019455
     373   -0.018163
     374   -0.018163
     375   -0.016659
     376   -0.016659
     377   -0.014955
     378   -0.014955
     379   -0.013125
     380   -0.013125
     381   -0.011164
     382   -0.011164
     383   -0.009171
     384   -0.009171
     385   -0.007285
     386   -0.007285
     387   -0.005526
     388   -0.005526
     389   -0.004060
     390   -0.004060
     391   -0.002050
     392   -0.002050
     393    0.001503
     394    0.001503
     395    0.004604
     396    0.004604
     397   -0.060514
     398   -0.060514
     399   -0.060339
     400   -0.060339
     401   -0.060148
     402   -0.060148
     403   -0.060099
     404   -0.060099
     405   -0.060111
     406   -0.060111
     407   -0.060098
     408   -0.060098
     409   -0.060064
     410   -0.060064
     411   -0.060021
     412   -0.060021
     413   -0.059976
     414   -0.059976
     415   -0.059926
     416   -0.059926
     417   -0.059870
     418   -0.059870
     419   -0.059809
     420   -0.059809
     421   -0.059744
     422   -0.059744
     423   -0.059680
     424   -0.059680
     425   -0.059617
     426   -0.059617
     427   -0.059550
     428   -0.059550
     429   -0.059476
     430   -0.059476
     431   -0.059393
     432   -0.059393
     433   -0.059304
     434   -0.059304
     435   -0.059207
     436   -0.059207
     437   -0.059104
     438   -0.059104
     439   -0.058995
     440   -0.058995
     441   -0.058882
     442   -0.058882
     443   -0.058761
     444   -0.058761
     445   -0.058632
     446   -0.058632
     447   -0.058500
     448   -0.058500
     449   -0.058368
     450   -0.058368
     451   -0.058236
     452   -0.058236
     453   -0.058102
     454   -0.058102
     455   -0.057966
     456   -0.057966
     457   -0.057827
     458   -0.057827
     459   -0.057683
     460   -0.057683
     461   -0.057529
     462   -0.057529
     463   -0.057367
     464   -0.057367
     465   -0.057197
     466   -0.057197
     467   -0.057021
     468   -0.057021
     469   -0.056838
     470   -0.056838
     471   -0.056646
     472   -0.056646
     473   -0.056452
     474   -0.056452
     475   -0.056256
     476   -0.056256
     477   -0.056058
     478   -0.056058
     479   -0.055853
     480   -0.055853
     481   -0.055629
     482   -0.055629
     483   -0.055378
     484   -0.055378
     485   -0.055109
     486   -0.055109
     487   -0.054827
     488   -0.054827
     489   -0.054532
     490   -0.054532
     491   -0.054225
     492   -0.054225
     493   -0.053900
     494   -0.053900
     495   -0.053557
     496   -0.053557
     497   -0.053218
     498   -0.053218
     499   -0.052874
     500   -0.052874
     501   -0.052457
     502   -0.052457
     503   -0.051918
     504   -0.051918
     505   -0.051286
     506   -0.051286
     507   -0.050587
     508   -0.050587
     509   -0.049828
     510   -0.049828
     511   -0.048999
     512   -0.048999
     513   -0.048133
     514   -0.048133
     515   -0.047524
     516   -0.047524
     517   -0.047379
     518   -0.047379
     519   -0.047462
     520   -0.047462
     521   -0.047540
     522   -0.047540
     523   -0.047570
     524   -0.047570
     525   -0.047517
     526   -0.047517
     527   -0.047379
     528   -0.047379
     529   -0.047170
     530   -0.047170
     531   -0.046900
     532   -0.046900
     533   -0.046616
     534   -0.046616
     535   -0.046319
     536   -0.046319
     537   -0.045963
     538   -0.045963
     539   -0.045559
     540   -0.045559
     541   -0.045116
     542   -0.045116
     543   -0.044650
     544   -0.044650
     545   -0.044142
     546   -0.044142
     547   -0.043588
     548   -0.043588
     549   -0.043000
     550   -0.043000
     551   -0.042353
     552   -0.042353
     553   -0.041631
     554   -0.041631
     555   -0.040836
     556   -0.040836
     557   -0.039977
     558   -0.039977
     559   -0.039054
     560   -0.039054
     561   -0.038046
     562   -0.038046
     563   -0.036907
     564   -0.036907
     565   -0.035631
     566   -0.035631
     567   -0.034218
     568   -0.034218
     569   -0.032613
     570   -0.032613
     571   -0.030807
     572   -0.030807
     573   -0.028739
     574   -0.028739
     575   -0.026406
     576   -0.026406
     577   -0.023858
     578   -0.023858
     579   -0.021124
     580   -0.021124
     581   -0.018339
     582   -0.018339
     583   -0.015675
     584   -0.015675
     585   -0.013127
     586   -0.013127
     587   -0.010356
     588   -0.010356
     589   -0.006871
     590   -0.006871
     591   -0.003324
     592   -0.003324
     593   -0.001275
     594   -0.001275
     595   -0.080793
     596   -0.080793
     597   -0.080615
     598   -0.080615
     599   -0.080424
     600   -0.080424
     601   -0.080378
     602   -0.080378
     603   -0.080393
     604   -0.080393
     605   -0.080385
     606   -0.080385
     607   -0.080352
     608   -0.080352
     609   -0.080304
     610   -0.080304
     611   -0.080249
     612   -0.080249
     613   -0.080186
     614   -0.080186
     615   -0.080115
     616   -0.080115
     617   -0.080037
     618   -0.080037
     619   -0.079955
     620   -0.079955
     621   -0.079869
     622   -0.079869
     623   -0.079780
     624   -0.079780
     625   -0.079684
     626   -0.079684
     627   -0.079580
     628   -0.079580
     629   -0.079467
     630   -0.079467
     631   -0.079347
     632   -0.079347
     633   -0.079219
     634   -0.079219
     635   -0.079084
     636   -0.079084
     637   -0.078943
     638   -0.078943
     639   -0.078794
     640   -0.078794
     641   -0.078635
     642   -0.078635
     643   -0.078466
     644   -0.078466
     645   -0.078294
     646   -0.078294
     647   -0.078123
     648   -0.078123
     649   -0.077950
     650   -0.077950
     651   -0.077775
     652   -0.077775
     653   -0.077598
     654   -0.077598
     655   -0.077418
     656   -0.077418
     657   -0.077230
     658   -0.077230
     659   -0.077031
     660   -0.077031
     661   -0.076819
     662   -0.076819
     663   -0.076597
     664   -0.076597
     665   -0.076367
     666   -0.076367
     667   -0.076128
     668   -0.076128
     669   -0.075883
     670   -0.075883
     671   -0.075631
     672   -0.075631
     673   -0.075376
     674   -0.075376
     675   -0.075120
     676   -0.075120
     677   -0.074854
     678   -0.074854
     679   -0.074566
     680   -0.074566
     681   -0.074248
     682   -0.074248
     683   -0.073903
     684   -0.073903
     685   -0.073538
     686   -0.073538
     687   -0.073154
     688   -0.073154
     689   -0.072749
     690   -0.072749
     691   -0.072321
     692   -0.072321
     693   -0.071876
     694   -0.071876
     695   -0.071422
     696   -0.071422
     697   -0.070946
     698   -0.070946
     699   -0.070385
     700   -0.070385
     701   -0.069704
     702   -0.069704
     703   -0.068936
     704   -0.068936
     705   -0.068103
     706   -0.068103
     707   -0.067197
     708   -0.067197
     709   -0.066222
     710   -0.066222
     711   -0.065262
     712   -0.065262
     713   -0.064566
     714   -0.064566
     715   -0.064301
     716   -0.064301
     717   -0.064310
     718   -0.064310
     719   -0.064376
     720   -0.064376
     721   -0.064404
     722   -0.064404
     723   -0.064341
     724   -0.064341
     725   -0.064176
     726   -0.064176
     727   -0.063937
     728   -0.063937
     729   -0.063636
     730   -0.063636
     731   -0.063306
     732   -0.063306
     733   -0.062947
     734   -0.062947
     735   -0.062521
     736   -0.062521
     737   -0.062026
     738   -0.062026
     739   -0.061479
     740   -0.061479
     741   -0.060907
     742   -0.060907
     743   -0.060301
     744   -0.060301
     745   -0.059643
     746   -0.059643
     747   -0.058921
     748   -0.058921
     749   -0.058119
     750   -0.058119
     751   -0.057228
     752   -0.057228
     753   -0.056245
     754   -0.056245
     755   -0.055201
     756   -0.055201
     757   -0.054097
     758   -0.054097
     759   -0.052904
     760   -0.052904
     761   -0.051587
     762   -0.051587
     763   -0.050102
     764   -0.050102
     765   -0.048442
     766   -0.048442
     767   -0.046604
     768   -0.046604
     769   -0.044555
     770   -0.044555
     771   -0.042247
     772   -0.042247
     773   -0.039657
     774   -0.039657
     775   -0.036772
     776   -0.036772
     777   -0.033628
     778   -0.033628
     779   -0.030408
     780   -0.030408
     781   -0.027225
     782   -0.027225
     783   -0.023863
     784   -0.023863
     785   -0.019259
     786   -0.019259
     787   -0.013520
     788   -0.013520
     789   -0.009164
     790   -0.009164
     791   -0.007049
     792   -0.007049
     793   -0.101555
     794   -0.101555
     795   -0.101349
     796   -0.101349
     797   -0.101126
     798   -0.101126
     799   -0.101083
     800   -0.101083
     801   -0.101123
     802   -0.101123
     803   -0.101133
     804   -0.101133
     805   -0.101105
     806   -0.101105
     807   -0.101050
     808   -0.101050
     809   -0.100980
     810   -0.100980
     811   -0.100897
     812   -0.100897
     813   -0.100807
     814   -0.100807
     815   -0.100707
     816   -0.100707
     817   -0.100600
     818   -0.100600
     819   -0.100485
     820   -0.100485
     821   -0.100363
     822   -0.100363
     823   -0.100233
     824   -0.100233
     825   -0.100097
     826   -0.100097
     827   -0.099954
     828   -0.099954
     829   -0.099804
     830   -0.099804
     831   -0.099648
     832   -0.099648
     833   -0.099485
     834   -0.099485
     835   -0.099314
     836   -0.099314
     837   -0.099134
     838   -0.099134
     839   -0.098943
     840   -0.098943
     841   -0.098740
     842   -0.098740
     843   -0.098534
     844   -0.098534
     845   -0.098325
     846   -0.098325
     847   -0.098112
     848   -0.098112
     849   -0.097895
     850   -0.097895
     851   -0.097675
     852   -0.097675
     853   -0.097451
     854   -0.097451
     855   -0.097219
     856   -0.097219
     857   -0.096975
     858   -0.096975
     859   -0.096718
     860   -0.096718
     861   -0.096449
     862   -0.096449
     863   -0.096171
     864   -0.096171
     865   -0.095882
     866   -0.095882
     867   -0.095583
     868   -0.095583
     869   -0.095274
     870   -0.095274
     871   -0.094959
     872   -0.094959
     873   -0.094640
     874   -0.094640
     875   -0.094310
     876   -0.094310
     877   -0.093959
     878   -0.093959
     879   -0.093579
     880   -0.093579
     881   -0.093165
     882   -0.093165
     883   -0.092723
     884   -0.092723
     885   -0.092256
     886   -0.092256
     887   -0.091761
     888   -0.091761
     889   -0.091238
     890   -0.091238
     891   -0.090686
     892   -0.090686
     893   -0.090098
     894   -0.090098
     895   -0.089455
     896   -0.089455
     897   -0.088737
     898   -0.088737
     899   -0.087941
     900   -0.087941
     901   -0.087081
     902   -0.087081
     903   -0.086153
     904   -0.086153
     905   -0.085142
     906   -0.085142
     907   -0.084074
     908   -0.084074
     909   -0.083046
     910   -0.083046
     911   -0.082241
     912   -0.082241
     913   -0.081809
     914   -0.081809
     915   -0.081695
     916   -0.081695
     917   -0.081705
     918   -0.081705
     919   -0.081695
     920   -0.081695
     921   -0.081605
     922   -0.081605
     923   -0.081419
     924   -0.081419
     925   -0.081155
     926   -0.081155
     927   -0.080825
     928   -0.080825
     929   -0.080446
     930   -0.080446
     931   -0.080018
     932   -0.080018
     933   -0.079526
     934   -0.079526
     935   -0.078961
     936   -0.078961
     937   -0.078341
     938   -0.078341
     939   -0.077689
     940   -0.077689
     941   -0.076995
     942   -0.076995
     943   -0.076234
     944   -0.076234
     945   -0.075379
     946   -0.075379
     947   -0.074428
     948   -0.074428
     949   -0.073381
     950   -0.073381
     951   -0.072243
     952   -0.072243
     953   -0.071038
     954   -0.071038
     955   -0.069763
     956   -0.069763
     957   -0.068401
     958   -0.068401
     959   -0.066931
     960   -0.066931
     961   -0.065289
     962   -0.065289
     963   -0.063458
     964   -0.063458
     965   -0.061460
     966   -0.061460
     967   -0.059249
     968   -0.059249
     969   -0.056786
     970   -0.056786
     971   -0.054026
     972   -0.054026
     973   -0.050902
     974   -0.050902
     975   -0.047399
     976   -0.047399
     977   -0.043926
     978   -0.043926
     979   -0.040464
     980   -0.040464
     981   -0.036212
     982   -0.036212
     983   -0.030266
     984   -0.030266
     985   -0.023196
     986   -0.023196
     987   -0.017551
     988   -0.017551
     989   -0.014191
     990   -0.014191
     991   -0.124254
     992   -0.124254
     993   -0.124050
     994   -0.124050
     995   -0.123835
     996   -0.123835
     997   -0.123798
     998   -0.123798
     999   -0.123821
    1000   -0.123821
    1001   -0.123796
    1002   -0.123796
    1003   -0.123735
    1004   -0.123735
    1005   -0.123651
    1006   -0.123651
    1007   -0.123550
    1008   -0.123550
    1009   -0.123437
    1010   -0.123437
    1011   -0.123316
    1012   -0.123316
    1013   -0.123187
    1014   -0.123187
    1015   -0.123050
    1016   -0.123050
    1017   -0.122902
    1018   -0.122902
    1019   -0.122742
    1020   -0.122742
    1021   -0.122573
    1022   -0.122573
    1023   -0.122400
    1024   -0.122400
    1025   -0.122222
    1026   -0.122222
    1027   -0.122040
    1028   -0.122040
    1029   -0.121853
    1030   -0.121853
    1031   -0.121661
    1032   -0.121661
    1033   -0.121462
    1034   -0.121462
    1035   -0.121253
    1036   -0.121253
    1037   -0.121033
    1038   -0.121033
    1039   -0.120803
    1040   -0.120803
    1041   -0.120565
    1042   -0.120565
    1043   -0.120317
    1044   -0.120317
    1045   -0.120062
    1046   -0.120062
    1047   -0.119800
    1048   -0.119800
    1049   -0.119532
    1050   -0.119532
    1051   -0.119260
    1052   -0.119260
    1053   -0.118980
    1054   -0.118980
    1055   -0.118692
    1056   -0.118692
    1057   -0.118393
    1058   -0.118393
    1059   -0.118080
    1060   -0.118080
    1061   -0.117753
    1062   -0.117753
    1063   -0.117411
    1064   -0.117411
    1065   -0.117056
    1066   -0.117056
    1067   -0.116687
    1068   -0.116687
    1069   -0.116307
    1070   -0.116307
    1071   -0.115918
    1072   -0.115918
    1073   -0.115516
    1074   -0.115516
    1075   -0.115095
    1076   -0.115095
    1077   -0.114648
    1078   -0.114648
    1079   -0.114169
    1080   -0.114169
    1081   -0.113658
    1082   -0.113658
    1083   -0.113119
    1084   -0.113119
    1085   -0.112546
    1086   -0.112546
    1087   -0.111939
    1088   -0.111939
    1089   -0.111287
    1090   -0.111287
    1091   -0.110573
    1092   -0.110573
    1093   -0.109786
    1094   -0.109786
    1095   -0.108945
    1096   -0.108945
    1097   -0.108068
    1098   -0.108068
    1099   -0.107136
    1100   -0.107136
    1101   -0.106124
    1102   -0.106124
    1103   -0.105022
    1104   -0.105022
    1105   -0.103864
    1106   -0.103864
    1107   -0.102730
    1108   -0.102730
    1109   -0.101777
    1110   -0.101777
    1111   -0.101179
    1112   -0.101179
    1113   -0.100916
    1114   -0.100916
    1115   -0.100799
    1116   -0.100799
    1117   -0.100679
    1118   -0.100679
    1119   -0.100502
    1120   -0.100502
    1121   -0.100252
    1122   -0.100252
    1123   -0.099924
    1124   -0.099924
    1125   -0.099523
    1126   -0.099523
    1127   -0.099053
    1128   -0.099053
    1129   -0.098518
    1130   -0.098518
    1131   -0.097932
    1132   -0.097932
    1133   -0.097291
    1134   -0.097291
    1135   -0.096603
    1136   -0.096603
    1137   -0.095866
    1138   -0.095866
    1139   -0.095058
    1140   -0.095058
    1141   -0.094167
    1142   -0.094167
    1143   -0.093169
    1144   -0.093169
    1145   -0.092053
    1146   -0.092053
    1147   -0.090831
    1148   -0.090831
    1149   -0.089517
    1150   -0.089517
    1151   -0.088111
    1152   -0.088111
    1153   -0.086607
    1154   -0.086607
    1155   -0.084998
    1156   -0.084998
    1157   -0.083268
    1158   -0.083268
    1159   -0.081367
    1160   -0.081367
    1161   -0.079277
    1162   -0.079277
    1163   -0.077008
    1164   -0.077008
    1165   -0.074510
    1166   -0.074510
    1167   -0.071750
    1168   -0.071750
    1169   -0.068663
    1170   -0.068663
    1171   -0.065160
    1172   -0.065160
    1173   -0.061141
    1174   -0.061141
    1175   -0.057260
    1176   -0.057260
    1177   -0.053390
    1178   -0.053390
    1179   -0.048192
    1180   -0.048192
    1181   -0.041669
    1182   -0.041669
    1183   -0.034524
    1184   -0.034524
    1185   -0.027870
    1186   -0.027870
    1187   -0.023129
    1188   -0.023129
    1189   -0.150219
    1190   -0.150219
    1191   -0.150060
    1192   -0.150060
    1193   -0.149895
    1194   -0.149895
    1195   -0.149819
    1196   -0.149819
    1197   -0.149734
    1198   -0.149734
    1199   -0.149608
    1200   -0.149608
    1201   -0.149474
    1202   -0.149474
    1203   -0.149331
    1204   -0.149331
    1205   -0.149181
    1206   -0.149181
    1207   -0.149020
    1208   -0.149020
    1209   -0.148855
    1210   -0.148855
    1211   -0.148688
    1212   -0.148688
    1213   -0.148518
    1214   -0.148518
    1215   -0.148340
    1216   -0.148340
    1217   -0.148149
    1218   -0.148149
    1219   -0.147942
    1220   -0.147942
    1221   -0.147725
    1222   -0.147725
    1223   -0.147503
    1224   -0.147503
    1225   -0.147279
    1226   -0.147279
    1227   -0.147050
    1228   -0.147050
    1229   -0.146818
    1230   -0.146818
    1231   -0.146583
    1232   -0.146583
    1233   -0.146345
    1234   -0.146345
    1235   -0.146098
    1236   -0.146098
    1237   -0.145840
    1238   -0.145840
    1239   -0.145565
    1240   -0.145565
    1241   -0.145274
    1242   -0.145274
    1243   -0.144971
    1244   -0.144971
    1245   -0.144660
    1246   -0.144660
    1247   -0.144339
    1248   -0.144339
    1249   -0.144012
    1250   -0.144012
    1251   -0.143683
    1252   -0.143683
    1253   -0.143351
    1254   -0.143351
    1255   -0.143009
    1256   -0.143009
    1257   -0.142651
    1258   -0.142651
    1259   -0.142270
    1260   -0.142270
    1261   -0.141868
    1262   -0.141868
    1263   -0.141449
    1264   -0.141449
    1265   -0.141015
    1266   -0.141015
    1267   -0.140567
    1268   -0.140567
    1269   -0.140105
    1270   -0.140105
    1271   -0.139627
    1272   -0.139627
    1273   -0.139131
    1274   -0.139131
    1275   -0.138613
    1276   -0.138613
    1277   -0.138066
    1278   -0.138066
    1279   -0.137487
    1280   -0.137487
    1281   -0.136879
    1282   -0.136879
    1283   -0.136237
    1284   -0.136237
    1285   -0.135553
    1286   -0.135553
    1287   -0.134818
    1288   -0.134818
    1289   -0.134017
    1290   -0.134017
    1291   -0.133148
    1292   -0.133148
    1293   -0.132238
    1294   -0.132238
    1295   -0.131293
    1296   -0.131293
    1297   -0.130287
    1298   -0.130287
    1299   -0.129192
    1300   -0.129192
    1301   -0.127999
    1302   -0.127999
    1303   -0.126743
    1304   -0.126743
    1305   -0.125488
    1306   -0.125488
    1307   -0.124372
    1308   -0.124372
    1309   -0.123596
    1310   -0.123596
    1311   -0.123166
    1312   -0.123166
    1313   -0.122884
    1314   -0.122884
    1315   -0.122602
    1316   -0.122602
    1317   -0.122277
    1318   -0.122277
    1319   -0.121897
    1320   -0.121897
    1321   -0.121443
    1322   -0.121443
    1323   -0.120912
    1324   -0.120912
    1325   -0.120299
    1326   -0.120299
    1327   -0.119617
    1328   -0.119617
    1329   -0.118899
    1330   -0.118899
    1331   -0.118150
    1332   -0.118150
    1333   -0.117359
    1334   -0.117359
    1335   -0.116490
    1336   -0.116490
    1337   -0.115522
    1338   -0.115522
    1339   -0.114466
    1340   -0.114466
    1341   -0.113306
    1342   -0.113306
    1343   -0.112008
    1344   -0.112008
    1345   -0.110577
    1346   -0.110577
    1347   -0.109039
    1348   -0.109039
    1349   -0.107389
    1350   -0.107389
    1351   -0.105616
    1352   -0.105616
    1353   -0.103695
    1354   -0.103695
    1355   -0.101612
    1356   -0.101612
    1357   -0.099351
    1358   -0.099351
    1359   -0.096891
    1360   -0.096891
    1361   -0.094226
    1362   -0.094226
    1363   -0.091308
    1364   -0.091308
    1365   -0.088099
    1366   -0.088099
    1367   -0.084537
    1368   -0.084537
    1369   -0.080584
    1370   -0.080584
    1371   -0.076044
    1372   -0.076044
    1373   -0.071278
    1374   -0.071278
    1375   -0.066336
    1376   -0.066336
    1377   -0.060251
    1378   -0.060251
    1379   -0.053288
    1380   -0.053288
    1381   -0.045803
    1382   -0.045803
    1383   -0.038022
    1384   -0.038022
    1385   -0.031991
    1386   -0.031991
    1387   -0.180867
    1388   -0.180867
    1389   -0.180643
    1390   -0.180643
    1391   -0.180350
    1392   -0.180350
    1393   -0.180101
    1394   -0.180101
    1395   -0.179860
    1396   -0.179860
    1397   -0.179611
    1398   -0.179611
    1399   -0.179365
    1400   -0.179365
    1401   -0.179123
    1402   -0.179123
    1403   -0.178885
    1404   -0.178885
    1405   -0.178651
    1406   -0.178651
    1407   -0.178422
    1408   -0.178422
    1409   -0.178207
    1410   -0.178207
    1411   -0.178001
    1412   -0.178001
    1413   -0.177795
    1414   -0.177795
    1415   -0.177577
    1416   -0.177577
    1417   -0.177336
    1418   -0.177336
    1419   -0.177073
    1420   -0.177073
    1421   -0.176802
    1422   -0.176802
    1423   -0.176526
    1424   -0.176526
    1425   -0.176245
    1426   -0.176245
    1427   -0.175959
    1428   -0.175959
    1429   -0.175678
    1430   -0.175678
    1431   -0.175401
    1432   -0.175401
    1433   -0.175118
    1434   -0.175118
    1435   -0.174823
    1436   -0.174823
    1437   -0.174505
    1438   -0.174505
    1439   -0.174164
    1440   -0.174164
    1441   -0.173810
    1442   -0.173810
    1443   -0.173445
    1444   -0.173445
    1445   -0.173068
    1446   -0.173068
    1447   -0.172683
    1448   -0.172683
    1449   -0.172300
    1450   -0.172300
    1451   -0.171918
    1452   -0.171918
    1453   -0.171527
    1454   -0.171527
    1455   -0.171118
    1456   -0.171118
    1457   -0.170679
    1458   -0.170679
    1459   -0.170212
    1460   -0.170212
    1461   -0.169727
    1462   -0.169727
    1463   -0.169228
    1464   -0.169228
    1465   -0.168711
    1466   -0.168711
    1467   -0.168176
    1468   -0.168176
    1469   -0.167624
    1470   -0.167624
    1471   -0.167051
    1472   -0.167051
    1473   -0.166459
    1474   -0.166459
    1475   -0.165839
    1476   -0.165839
    1477   -0.165185
    1478   -0.165185
    1479   -0.164498
    1480   -0.164498
    1481   -0.163776
    1482   -0.163776
    1483   -0.163009
    1484   -0.163009
    1485   -0.162189
    1486   -0.162189
    1487   -0.161313
    1488   -0.161313
    1489   -0.160379
    1490   -0.160379
    1491   -0.159400
    1492   -0.159400
    1493   -0.158371
    1494   -0.158371
    1495   -0.157280
    1496   -0.157280
    1497   -0.156110
    1498   -0.156110
    1499   -0.154855
    1500   -0.154855
    1501   -0.153536
    1502   -0.153536
    1503   -0.152218
    1504   -0.152218
    1505   -0.151025
    1506   -0.151025
    1507   -0.150163
    1508   -0.150163
    1509   -0.149641
    1510   -0.149641
    1511   -0.149245
    1512   -0.149245
    1513   -0.148835
    1514   -0.148835
    1515   -0.148375
    1516   -0.148375
    1517   -0.147852
    1518   -0.147852
    1519   -0.147244
    1520   -0.147244
    1521   -0.146554
    1522   -0.146554
    1523   -0.145787
    1524   -0.145787
    1525   -0.144955
    1526   -0.144955
    1527   -0.144077
    1528   -0.144077
    1529   -0.143159
    1530   -0.143159
    1531   -0.142177
    1532   -0.142177
    1533   -0.141097
    1534   -0.141097
    1535   -0.139912
    1536   -0.139912
    1537   -0.138633
    1538   -0.138633
    1539   -0.137250
    1540   -0.137250
    1541   -0.135734
    1542   -0.135734
    1543   -0.134074
    1544   -0.134074
    1545   -0.132280
    1546   -0.132280
    1547   -0.130364
    1548   -0.130364
    1549   -0.128301
    1550   -0.128301
    1551   -0.126050
    1552   -0.126050
    1553   -0.123610
    1554   -0.123610
    1555   -0.120986
    1556   -0.120986
    1557   -0.118144
    1558   -0.118144
    1559   -0.115050
    1560   -0.115050
    1561   -0.111660
    1562   -0.111660
    1563   -0.107918
    1564   -0.107918
    1565   -0.103775
    1566   -0.103775
    1567   -0.099329
    1568   -0.099329
    1569   -0.094329
    1570   -0.094329
    1571   -0.088434
    1572   -0.088434
    1573   -0.082004
    1574   -0.082004
    1575   -0.074990
    1576   -0.074990
    1577   -0.067166
    1578   -0.067166
    1579   -0.058389
    1580   -0.058389
    1581   -0.048940
    1582   -0.048940
    1583   -0.041421
    1584   -0.041421
    1585   -0.217925
    1586   -0.217925
    1587   -0.217482
    1588   -0.217482
    1589   -0.216858
    1590   -0.216858
    1591   -0.216324
    1592   -0.216324
    1593   -0.215878
    1594   -0.215878
    1595   -0.215466
    1596   -0.215466
    1597   -0.215061
    1598   -0.215061
    1599   -0.214666
    1600   -0.214666
    1601   -0.214299
    1602   -0.214299
    1603   -0.213964
    1604   -0.213964
    1605   -0.213657
    1606   -0.213657
    1607   -0.213380
    1608   -0.213380
    1609   -0.213123
    1610   -0.213123
    1611   -0.212873
    1612   -0.212873
    1613   -0.212613
    1614   -0.212613
    1615   -0.212332
    1616   -0.212332
    1617   -0.212029
    1618   -0.212029
    1619   -0.211711
    1620   -0.211711
    1621   -0.211383
    1622   -0.211383
    1623   -0.211046
    1624   -0.211046
    1625   -0.210702
    1626   -0.210702
    1627   -0.210363
    1628   -0.210363
    1629   -0.210028
    1630   -0.210028
    1631   -0.209690
    1632   -0.209690
    1633   -0.209342
    1634   -0.209342
    1635   -0.208976
    1636   -0.208976
    1637   -0.208588
    1638   -0.208588
    1639   -0.208184
    1640   -0.208184
    1641   -0.207765
    1642   -0.207765
    1643   -0.207331
    1644   -0.207331
    1645   -0.206888
    1646   -0.206888
    1647   -0.206444
    1648   -0.206444
    1649   -0.205997
    1650   -0.205997
    1651   -0.205541
    1652   -0.205541
    1653   -0.205068
    1654   -0.205068
    1655   -0.204569
    1656   -0.204569
    1657   -0.204043
    1658   -0.204043
    1659   -0.203495
    1660   -0.203495
    1661   -0.202928
    1662   -0.202928
    1663   -0.202341
    1664   -0.202341
    1665   -0.201731
    1666   -0.201731
    1667   -0.201101
    1668   -0.201101
    1669   -0.200449
    1670   -0.200449
    1671   -0.199777
    1672   -0.199777
    1673   -0.199079
    1674   -0.199079
    1675   -0.198342
    1676   -0.198342
    1677   -0.197561
    1678   -0.197561
    1679   -0.196737
    1680   -0.196737
    1681   -0.195864
    1682   -0.195864
    1683   -0.194939
    1684   -0.194939
    1685   -0.193961
    1686   -0.193961
    1687   -0.192933
    1688   -0.192933
    1689   -0.191855
    1690   -0.191855
    1691   -0.190725
    1692   -0.190725
    1693   -0.189539
    1694   -0.189539
    1695   -0.188296
    1696   -0.188296
    1697   -0.186994
    1698   -0.186994
    1699   -0.185645
    1700   -0.185645
    1701   -0.184316
    1702   -0.184316
    1703   -0.183134
    1704   -0.183134
    1705   -0.182279
    1706   -0.182279
    1707   -0.181728
    1708   -0.181728
    1709   -0.181268
    1710   -0.181268
    1711   -0.180785
    1712   -0.180785
    1713   -0.180243
    1714   -0.180243
    1715   -0.179618
    1716   -0.179618
    1717   -0.178889
    1718   -0.178889
    1719   -0.178075
    1720   -0.178075
    1721   -0.177188
    1722   -0.177188
    1723   -0.176228
    1724   -0.176228
    1725   -0.175191
    1726   -0.175191
    1727   -0.174067
    1728   -0.174067
    1729   -0.172847
    1730   -0.172847
    1731   -0.171527
    1732   -0.171527
    1733   -0.170103
    1734   -0.170103
    1735   -0.168564
    1736   -0.168564
    1737   -0.166916
    1738   -0.166916
    1739   -0.165153
    1740   -0.165153
    1741   -0.163265
    1742   -0.163265
    1743   -0.161233
    1744   -0.161233
    1745   -0.159041
    1746   -0.159041
    1747   -0.156660
    1748   -0.156660
    1749   -0.154070
    1750   -0.154070
    1751   -0.151281
    1752   -0.151281
    1753   -0.148296
    1754   -0.148296
    1755   -0.145071
    1756   -0.145071
    1757   -0.141529
    1758   -0.141529
    1759   -0.137608
    1760   -0.137608
    1761   -0.133264
    1762   -0.133264
    1763   -0.128469
    1764   -0.128469
    1765   -0.123354
    1766   -0.123354
    1767   -0.117700
    1768   -0.117700
    1769   -0.110858
    1770   -0.110858
    1771   -0.103113
    1772   -0.103113
    1773   -0.094766
    1774   -0.094766
    1775   -0.085308
    1776   -0.085308
    1777   -0.074377
    1778   -0.074377
    1779   -0.062503
    1780   -0.062503
    1781   -0.052916
    1782   -0.052916
    1783   -0.263692
    1784   -0.263692
    1785   -0.263037
    1786   -0.263037
    1787   -0.262128
    1788   -0.262128
    1789   -0.261366
    1790   -0.261366
    1791   -0.260725
    1792   -0.260725
    1793   -0.260147
    1794   -0.260147
    1795   -0.259583
    1796   -0.259583
    1797   -0.259032
    1798   -0.259032
    1799   -0.258535
    1800   -0.258535
    1801   -0.258096
    1802   -0.258096
    1803   -0.257700
    1804   -0.257700
    1805   -0.257339
    1806   -0.257339
    1807   -0.257006
    1808   -0.257006
    1809   -0.256680
    1810   -0.256680
    1811   -0.256349
    1812   -0.256349
    1813   -0.256012
    1814   -0.256012
    1815   -0.255663
    1816   -0.255663
    1817   -0.255295
    1818   -0.255295
    1819   -0.254910
    1820   -0.254910
    1821   -0.254513
    1822   -0.254513
    1823   -0.254107
    1824   -0.254107
    1825   -0.253700
    1826   -0.253700
    1827   -0.253291
    1828   -0.253291
    1829   -0.252882
    1830   -0.252882
    1831   -0.252470
    1832   -0.252470
    1833   -0.252048
    1834   -0.252048
    1835   -0.251614
    1836   -0.251614
    1837   -0.251159
    1838   -0.251159
    1839   -0.250684
    1840   -0.250684
    1841   -0.250192
    1842   -0.250192
    1843   -0.249687
    1844   -0.249687
    1845   -0.249171
    1846   -0.249171
    1847   -0.248647
    1848   -0.248647
    1849   -0.248111
    1850   -0.248111
    1851   -0.247560
    1852   -0.247560
    1853   -0.246992
    1854   -0.246992
    1855   -0.246403
    1856   -0.246403
    1857   -0.245786
    1858   -0.245786
    1859   -0.245144
    1860   -0.245144
    1861   -0.244477
    1862   -0.244477
    1863   -0.243786
    1864   -0.243786
    1865   -0.243069
    1866   -0.243069
    1867   -0.242330
    1868   -0.242330
    1869   -0.241569
    1870   -0.241569
    1871   -0.240778
    1872   -0.240778
    1873   -0.239943
    1874   -0.239943
    1875   -0.239050
    1876   -0.239050
    1877   -0.238103
    1878   -0.238103
    1879   -0.237106
    1880   -0.237106
    1881   -0.236056
    1882   -0.236056
    1883   -0.234955
    1884   -0.234955
    1885   -0.233806
    1886   -0.233806
    1887   -0.232607
    1888   -0.232607
    1889   -0.231363
    1890   -0.231363
    1891   -0.230070
    1892   -0.230070
    1893   -0.228734
    1894   -0.228734
    1895   -0.227354
    1896   -0.227354
    1897   -0.225938
    1898   -0.225938
    1899   -0.224553
    1900   -0.224553
    1901   -0.223317
    1902   -0.223317
    1903   -0.222390
    1904   -0.222390
    1905   -0.221758
    1906   -0.221758
    1907   -0.221232
    1908   -0.221232
    1909   -0.220692
    1910   -0.220692
    1911   -0.220088
    1912   -0.220088
    1913   -0.219392
    1914   -0.219392
    1915   -0.218588
    1916   -0.218588
    1917   -0.217685
    1918   -0.217685
    1919   -0.216692
    1920   -0.216692
    1921   -0.215604
    1922   -0.215604
    1923   -0.214407
    1924   -0.214407
    1925   -0.213093
    1926   -0.213093
    1927   -0.211669
    1928   -0.211669
    1929   -0.210137
    1930   -0.210137
    1931   -0.208482
    1932   -0.208482
    1933   -0.206693
    1934   -0.206693
    1935   -0.204780
    1936   -0.204780
    1937   -0.202744
    1938   -0.202744
    1939   -0.200587
    1940   -0.200587
    1941   -0.198281
    1942   -0.198281
    1943   -0.195772
    1944   -0.195772
    1945   -0.193034
    1946   -0.193034
    1947   -0.190065
    1948   -0.190065
    1949   -0.186864
    1950   -0.186864
    1951   -0.183427
    1952   -0.183427
    1953   -0.179727
    1954   -0.179727
    1955   -0.175662
    1956   -0.175662
    1957   -0.171142
    1958   -0.171142
    1959   -0.166148
    1960   -0.166148
    1961   -0.160650
    1962   -0.160650
    1963   -0.154652
    1964   -0.154652
    1965   -0.148038
    1966   -0.148038
    1967   -0.140327
    1968   -0.140327
    1969   -0.131369
    1970   -0.131369
    1971   -0.121197
    1972   -0.121197
    1973   -0.109372
    1974   -0.109372
    1975   -0.095564
    1976   -0.095564
    1977   -0.080494
    1978   -0.080494
    1979   -0.068177
    1980   -0.068177
    1981   -0.321492
    1982   -0.321492
    1983   -0.320679
    1984   -0.320679
    1985   -0.319576
    1986   -0.319576
    1987   -0.318672
    1988   -0.318672
    1989   -0.317888
    1990   -0.317888
    1991   -0.317165
    1992   -0.317165
    1993   -0.316481
    1994   -0.316481
    1995   -0.315832
    1996   -0.315832
    1997   -0.315241
    1998   -0.315241
    1999   -0.314706
    2000   -0.314706
    2001   -0.314211
    2002   -0.314211
    2003   -0.313749
    2004   -0.313749
    2005   -0.313312
    2006   -0.313312
    2007   -0.312887
    2008   -0.312887
    2009   -0.312468
    2010   -0.312468
    2011   -0.312053
    2012   -0.312053
    2013   -0.311636
    2014   -0.311636
    2015   -0.311206
    2016   -0.311206
    2017   -0.310759
    2018   -0.310759
    2019   -0.310295
    2020   -0.310295
    2021   -0.309819
    2022   -0.309819
    2023   -0.309335
    2024   -0.309335
    2025   -0.308848
    2026   -0.308848
    2027   -0.308365
    2028   -0.308365
    2029   -0.307882
    2030   -0.307882
    2031   -0.307396
    2032   -0.307396
    2033   -0.306900
    2034   -0.306900
    2035   -0.306386
    2036   -0.306386
    2037   -0.305850
    2038   -0.305850
    2039   -0.305292
    2040   -0.305292
    2041   -0.304714
    2042   -0.304714
    2043   -0.304117
    2044   -0.304117
    2045   -0.303504
    2046   -0.303504
    2047   -0.302878
    2048   -0.302878
    2049   -0.302239
    2050   -0.302239
    2051   -0.301585
    2052   -0.301585
    2053   -0.300913
    2054   -0.300913
    2055   -0.300211
    2056   -0.300211
    2057   -0.299478
    2058   -0.299478
    2059   -0.298718
    2060   -0.298718
    2061   -0.297933
    2062   -0.297933
    2063   -0.297123
    2064   -0.297123
    2065   -0.296288
    2066   -0.296288
    2067   -0.295429
    2068   -0.295429
    2069   -0.294532
    2070   -0.294532
    2071   -0.293568
    2072   -0.293568
    2073   -0.292534
    2074   -0.292534
    2075   -0.291445
    2076   -0.291445
    2077   -0.290311
    2078   -0.290311
    2079   -0.289125
    2080   -0.289125
    2081   -0.287890
    2082   -0.287890
    2083   -0.286608
    2084   -0.286608
    2085   -0.285279
    2086   -0.285279
    2087   -0.283909
    2088   -0.283909
    2089   -0.282499
    2090   -0.282499
    2091   -0.281053
    2092   -0.281053
    2093   -0.279565
    2094   -0.279565
    2095   -0.278039
    2096   -0.278039
    2097   -0.276536
    2098   -0.276536
    2099   -0.275169
    2100   -0.275169
    2101   -0.274096
    2102   -0.274096
    2103   -0.273345
    2104   -0.273345
    2105   -0.272756
    2106   -0.272756
    2107   -0.272170
    2108   -0.272170
    2109   -0.271501
    2110   -0.271501
    2111   -0.270717
    2112   -0.270717
    2113   -0.269816
    2114   -0.269816
    2115   -0.268789
    2116   -0.268789
    2117   -0.267639
    2118   -0.267639
    2119   -0.266375
    2120   -0.266375
    2121   -0.264980
    2122   -0.264980
    2123   -0.263451
    2124   -0.263451
    2125   -0.261795
    2126   -0.261795
    2127   -0.260005
    2128   -0.260005
    2129   -0.258069
    2130   -0.258069
    2131   -0.255983
    2132   -0.255983
    2133   -0.253750
    2134   -0.253750
    2135   -0.251358
    2136   -0.251358
    2137   -0.248807
    2138   -0.248807
    2139   -0.246076
    2140   -0.246076
    2141   -0.243116
    2142   -0.243116
    2143   -0.239918
    2144   -0.239918
    2145   -0.236458
    2146   -0.236458
    2147   -0.232704
    2148   -0.232704
    2149   -0.228653
    2150   -0.228653
    2151   -0.224298
    2152   -0.224298
    2153   -0.219555
    2154   -0.219555
    2155   -0.214331
    2156   -0.214331
    2157   -0.208586
    2158   -0.208586
    2159   -0.202204
    2160   -0.202204
    2161   -0.195077
    2162   -0.195077
    2163   -0.187253
    2164   -0.187253
    2165   -0.178429
    2166   -0.178429
    2167   -0.168027
    2168   -0.168027
    2169   -0.155738
    2170   -0.155738
    2171   -0.141146
    2172   -0.141146
    2173   -0.123918
    2174   -0.123918
    2175   -0.104934
    2176   -0.104934
    2177   -0.089237
    2178   -0.089237
    2179   -0.396306
    2180   -0.396306
    2181   -0.395522
    2182   -0.395522
    2183   -0.394460
    2184   -0.394460
    2185   -0.393573
    2186   -0.393573
    2187   -0.392738
    2188   -0.392738
    2189   -0.391925
    2190   -0.391925
    2191   -0.391180
    2192   -0.391180
    2193   -0.390499
    2194   -0.390499
    2195   -0.389858
    2196   -0.389858
    2197   -0.389243
    2198   -0.389243
    2199   -0.388652
    2200   -0.388652
    2201   -0.388084
    2202   -0.388084
    2203   -0.387537
    2204   -0.387537
    2205   -0.387009
    2206   -0.387009
    2207   -0.386494
    2208   -0.386494
    2209   -0.385988
    2210   -0.385988
    2211   -0.385486
    2212   -0.385486
    2213   -0.384981
    2214   -0.384981
    2215   -0.384461
    2216   -0.384461
    2217   -0.383922
    2218   -0.383922
    2219   -0.383366
    2220   -0.383366
    2221   -0.382800
    2222   -0.382800
    2223   -0.382230
    2224   -0.382230
    2225   -0.381664
    2226   -0.381664
    2227   -0.381101
    2228   -0.381101
    2229   -0.380534
    2230   -0.380534
    2231   -0.379957
    2232   -0.379957
    2233   -0.379366
    2234   -0.379366
    2235   -0.378755
    2236   -0.378755
    2237   -0.378116
    2238   -0.378116
    2239   -0.377448
    2240   -0.377448
    2241   -0.376754
    2242   -0.376754
    2243   -0.376039
    2244   -0.376039
    2245   -0.375309
    2246   -0.375309
    2247   -0.374563
    2248   -0.374563
    2249   -0.373800
    2250   -0.373800
    2251   -0.373016
    2252   -0.373016
    2253   -0.372204
    2254   -0.372204
    2255   -0.371357
    2256   -0.371357
    2257   -0.370479
    2258   -0.370479
    2259   -0.369577
    2260   -0.369577
    2261   -0.368648
    2262   -0.368648
    2263   -0.367696
    2264   -0.367696
    2265   -0.366723
    2266   -0.366723
    2267   -0.365701
    2268   -0.365701
    2269   -0.364581
    2270   -0.364581
    2271   -0.363371
    2272   -0.363371
    2273   -0.362113
    2274   -0.362113
    2275   -0.360816
    2276   -0.360816
    2277   -0.359473
    2278   -0.359473
    2279   -0.358081
    2280   -0.358081
    2281   -0.356644
    2282   -0.356644
    2283   -0.355165
    2284   -0.355165
    2285   -0.353641
    2286   -0.353641
    2287   -0.352071
    2288   -0.352071
    2289   -0.350457
    2290   -0.350457
    2291   -0.348798
    2292   -0.348798
    2293   -0.347108
    2294   -0.347108
    2295   -0.345441
    2296   -0.345441
    2297   -0.343924
    2298   -0.343924
    2299   -0.342723
    2300   -0.342723
    2301   -0.341857
    2302   -0.341857
    2303   -0.341175
    2304   -0.341175
    2305   -0.340503
    2306   -0.340503
    2307   -0.339724
    2308   -0.339724
    2309   -0.338803
    2310   -0.338803
    2311   -0.337745
    2312   -0.337745
    2313   -0.336531
    2314   -0.336531
    2315   -0.335156
    2316   -0.335156
    2317   -0.333633
    2318   -0.333633
    2319   -0.331944
    2320   -0.331944
    2321   -0.330085
    2322   -0.330085
    2323   -0.328059
    2324   -0.328059
    2325   -0.325864
    2326   -0.325864
    2327   -0.323498
    2328   -0.323498
    2329   -0.320954
    2330   -0.320954
    2331   -0.318223
    2332   -0.318223
    2333   -0.315293
    2334   -0.315293
    2335   -0.312149
    2336   -0.312149
    2337   -0.308775
    2338   -0.308775
    2339   -0.305166
    2340   -0.305166
    2341   -0.301308
    2342   -0.301308
    2343   -0.297154
    2344   -0.297154
    2345   -0.292647
    2346   -0.292647
    2347   -0.287767
    2348   -0.287767
    2349   -0.282499
    2350   -0.282499
    2351   -0.276801
    2352   -0.276801
    2353   -0.270606
    2354   -0.270606
    2355   -0.263818
    2356   -0.263818
    2357   -0.256294
    2358   -0.256294
    2359   -0.247790
    2360   -0.247790
    2361   -0.238339
    2362   -0.238339
    2363   -0.227856
    2364   -0.227856
    2365   -0.215629
    2366   -0.215629
    2367   -0.201061
    2368   -0.201061
    2369   -0.183506
    2370   -0.183506
    2371   -0.162432
    2372   -0.162432
    2373   -0.138792
    2374   -0.138792
    2375   -0.118935
    2376   -0.118935
    2377   -0.494947
    2378   -0.494947
    2379   -0.494455
    2380   -0.494455
    2381   -0.493740
    2382   -0.493740
    2383   -0.493044
    2384   -0.493044
    2385   -0.492287
    2386   -0.492287
    2387   -0.491480
    2388   -0.491480
    2389   -0.490730
    2390   -0.490730
    2391   -0.490051
    2392   -0.490051
    2393   -0.489394
    2394   -0.489394
    2395   -0.488733
    2396   -0.488733
    2397   -0.488069
    2398   -0.488069
    2399   -0.487410
    2400   -0.487410
    2401   -0.486761
    2402   -0.486761
    2403   -0.486126
    2404   -0.486126
    2405   -0.485503
    2406   -0.485503
    2407   -0.484894
    2408   -0.484894
    2409   -0.484295
    2410   -0.484295
    2411   -0.483694
    2412   -0.483694
    2413   -0.483082
    2414   -0.483082
    2415   -0.482453
    2416   -0.482453
    2417   -0.481808
    2418   -0.481808
    2419   -0.481148
    2420   -0.481148
    2421   -0.480477
    2422   -0.480477
    2423   -0.479806
    2424   -0.479806
    2425   -0.479134
    2426   -0.479134
    2427   -0.478460
    2428   -0.478460
    2429   -0.477778
    2430   -0.477778
    2431   -0.477082
    2432   -0.477082
    2433   -0.476364
    2434   -0.476364
    2435   -0.475616
    2436   -0.475616
    2437   -0.474834
    2438   -0.474834
    2439   -0.474018
    2440   -0.474018
    2441   -0.473172
    2442   -0.473172
    2443   -0.472304
    2444   -0.472304
    2445   -0.471414
    2446   -0.471414
    2447   -0.470501
    2448   -0.470501
    2449   -0.469563
    2450   -0.469563
    2451   -0.468597
    2452   -0.468597
    2453   -0.467594
    2454   -0.467594
    2455   -0.466556
    2456   -0.466556
    2457   -0.465485
    2458   -0.465485
    2459   -0.464384
    2460   -0.464384
    2461   -0.463255
    2462   -0.463255
    2463   -0.462102
    2464   -0.462102
    2465   -0.460893
    2466   -0.460893
    2467   -0.459579
    2468   -0.459579
    2469   -0.458169
    2470   -0.458169
    2471   -0.456706
    2472   -0.456706
    2473   -0.455202
    2474   -0.455202
    2475   -0.453652
    2476   -0.453652
    2477   -0.452049
    2478   -0.452049
    2479   -0.450392
    2480   -0.450392
    2481   -0.448676
    2482   -0.448676
    2483   -0.446893
    2484   -0.446893
    2485   -0.445034
    2486   -0.445034
    2487   -0.443098
    2488   -0.443098
    2489   -0.441108
    2490   -0.441108
    2491   -0.439107
    2492   -0.439107
    2493   -0.437135
    2494   -0.437135
    2495   -0.435334
    2496   -0.435334
    2497   -0.433922
    2498   -0.433922
    2499   -0.432878
    2500   -0.432878
    2501   -0.431993
    2502   -0.431993
    2503   -0.431097
    2504   -0.431097
    2505   -0.430082
    2506   -0.430082
    2507   -0.428916
    2508   -0.428916
    2509   -0.427598
    2510   -0.427598
    2511   -0.426092
    2512   -0.426092
    2513   -0.424379
    2514   -0.424379
    2515   -0.422458
    2516   -0.422458
    2517   -0.420318
    2518   -0.420318
    2519   -0.417953
    2520   -0.417953
    2521   -0.415363
    2522   -0.415363
    2523   -0.412565
    2524   -0.412565
    2525   -0.409560
    2526   -0.409560
    2527   -0.406334
    2528   -0.406334
    2529   -0.402869
    2530   -0.402869
    2531   -0.399162
    2532   -0.399162
    2533   -0.395183
    2534   -0.395183
    2535   -0.390932
    2536   -0.390932
    2537   -0.386427
    2538   -0.386427
    2539   -0.381642
    2540   -0.381642
    2541   -0.376520
    2542   -0.376520
    2543   -0.370989
    2544   -0.370989
    2545   -0.364988
    2546   -0.364988
    2547   -0.358486
    2548   -0.358486
    2549   -0.351474
    2550   -0.351474
    2551   -0.343895
    2552   -0.343895
    2553   -0.335648
    2554   -0.335648
    2555   -0.326633
    2556   -0.326633
    2557   -0.316483
    2558   -0.316483
    2559   -0.305007
    2560   -0.305007
    2561   -0.292229
    2562   -0.292229
    2563   -0.277671
    2564   -0.277671
    2565   -0.260612
    2566   -0.260612
    2567   -0.239901
    2568   -0.239901
    2569   -0.214644
    2570   -0.214644
    2571   -0.185754
    2572   -0.185754
    2573   -0.161013
    2574   -0.161013
    2575   -0.621847
    2576   -0.621847
    2577   -0.621775
    2578   -0.621775
    2579   -0.621506
    2580   -0.621506
    2581   -0.620968
    2582   -0.620968
    2583   -0.620272
    2584   -0.620272
    2585   -0.619531
    2586   -0.619531
    2587   -0.618837
    2588   -0.618837
    2589   -0.618187
    2590   -0.618187
    2591   -0.617530
    2592   -0.617530
    2593   -0.616842
    2594   -0.616842
    2595   -0.616123
    2596   -0.616123
    2597   -0.615382
    2598   -0.615382
    2599   -0.614627
    2600   -0.614627
    2601   -0.613868
    2602   -0.613868
    2603   -0.613117
    2604   -0.613117
    2605   -0.612380
    2606   -0.612380
    2607   -0.611655
    2608   -0.611655
    2609   -0.610928
    2610   -0.610928
    2611   -0.610192
    2612   -0.610192
    2613   -0.609445
    2614   -0.609445
    2615   -0.608683
    2616   -0.608683
    2617   -0.607898
    2618   -0.607898
    2619   -0.607092
    2620   -0.607092
    2621   -0.606276
    2622   -0.606276
    2623   -0.605452
    2624   -0.605452
    2625   -0.604626
    2626   -0.604626
    2627   -0.603792
    2628   -0.603792
    2629   -0.602940
    2630   -0.602940
    2631   -0.602059
    2632   -0.602059
    2633   -0.601148
    2634   -0.601148
    2635   -0.600200
    2636   -0.600200
    2637   -0.599209
    2638   -0.599209
    2639   -0.598177
    2640   -0.598177
    2641   -0.597113
    2642   -0.597113
    2643   -0.596018
    2644   -0.596018
    2645   -0.594888
    2646   -0.594888
    2647   -0.593724
    2648   -0.593724
    2649   -0.592530
    2650   -0.592530
    2651   -0.591299
    2652   -0.591299
    2653   -0.590024
    2654   -0.590024
    2655   -0.588702
    2656   -0.588702
    2657   -0.587335
    2658   -0.587335
    2659   -0.585923
    2660   -0.585923
    2661   -0.584467
    2662   -0.584467
    2663   -0.582955
    2664   -0.582955
    2665   -0.581365
    2666   -0.581365
    2667   -0.579691
    2668   -0.579691
    2669   -0.577951
    2670   -0.577951
    2671   -0.576150
    2672   -0.576150
    2673   -0.574287
    2674   -0.574287
    2675   -0.572358
    2676   -0.572358
    2677   -0.570350
    2678   -0.570350
    2679   -0.568245
    2680   -0.568245
    2681   -0.566025
    2682   -0.566025
    2683   -0.563674
    2684   -0.563674
    2685   -0.561189
    2686   -0.561189
    2687   -0.558622
    2688   -0.558622
    2689   -0.556033
    2690   -0.556033
    2691   -0.553448
    2692   -0.553448
    2693   -0.551029
    2694   -0.551029
    2695   -0.549107
    2696   -0.549107
    2697   -0.547678
    2698   -0.547678
    2699   -0.546414
    2700   -0.546414
    2701   -0.545094
    2702   -0.545094
    2703   -0.543631
    2704   -0.543631
    2705   -0.541993
    2706   -0.541993
    2707   -0.540159
    2708   -0.540159
    2709   -0.538111
    2710   -0.538111
    2711   -0.535820
    2712   -0.535820
    2713   -0.533253
    2714   -0.533253
    2715   -0.530415
    2716   -0.530415
    2717   -0.527306
    2718   -0.527306
    2719   -0.523927
    2720   -0.523927
    2721   -0.520279
    2722   -0.520279
    2723   -0.516362
    2724   -0.516362
    2725   -0.512161
    2726   -0.512161
    2727   -0.507658
    2728   -0.507658
    2729   -0.502850
    2730   -0.502850
    2731   -0.497707
    2732   -0.497707
    2733   -0.492218
    2734   -0.492218
    2735   -0.486405
    2736   -0.486405
    2737   -0.480248
    2738   -0.480248
    2739   -0.473697
    2740   -0.473697
    2741   -0.466684
    2742   -0.466684
    2743   -0.459107
    2744   -0.459107
    2745   -0.450918
    2746   -0.450918
    2747   -0.442100
    2748   -0.442100
    2749   -0.432595
    2750   -0.432595
    2751   -0.422315
    2752   -0.422315
    2753   -0.411140
    2754   -0.411140
    2755   -0.398766
    2756   -0.398766
    2757   -0.384909
    2758   -0.384909
    2759   -0.369314
    2760   -0.369314
    2761   -0.351716
    2762   -0.351716
    2763   -0.331559
    2764   -0.331559
    2765   -0.307188
    2766   -0.307188
    2767   -0.277503
    2768   -0.277503
    2769   -0.243366
    2770   -0.243366
    2771   -0.213721
    2772   -0.213721
    2773   -0.771106
    2774   -0.771106
    2775   -0.771471
    2776   -0.771471
    2777   -0.771648
    2778   -0.771648
    2779   -0.771114
    2780   -0.771114
    2781   -0.770312
    2782   -0.770312
    2783   -0.769592
    2784   -0.769592
    2785   -0.768952
    2786   -0.768952
    2787   -0.768312
    2788   -0.768312
    2789   -0.767619
    2790   -0.767619
    2791   -0.766874
    2792   -0.766874
    2793   -0.766079
    2794   -0.766079
    2795   -0.765232
    2796   -0.765232
    2797   -0.764339
    2798   -0.764339
    2799   -0.763424
    2800   -0.763424
    2801   -0.762505
    2802   -0.762505
    2803   -0.761591
    2804   -0.761591
    2805   -0.760681
    2806   -0.760681
    2807   -0.759771
    2808   -0.759771
    2809   -0.758857
    2810   -0.758857
    2811   -0.757934
    2812   -0.757934
    2813   -0.756993
    2814   -0.756993
    2815   -0.756024
    2816   -0.756024
    2817   -0.755027
    2818   -0.755027
    2819   -0.754006
    2820   -0.754006
    2821   -0.752965
    2822   -0.752965
    2823   -0.751907
    2824   -0.751907
    2825   -0.750830
    2826   -0.750830
    2827   -0.749728
    2828   -0.749728
    2829   -0.748594
    2830   -0.748594
    2831   -0.747423
    2832   -0.747423
    2833   -0.746211
    2834   -0.746211
    2835   -0.744950
    2836   -0.744950
    2837   -0.743640
    2838   -0.743640
    2839   -0.742283
    2840   -0.742283
    2841   -0.740879
    2842   -0.740879
    2843   -0.739425
    2844   -0.739425
    2845   -0.737924
    2846   -0.737924
    2847   -0.736381
    2848   -0.736381
    2849   -0.734793
    2850   -0.734793
    2851   -0.733148
    2852   -0.733148
    2853   -0.731441
    2854   -0.731441
    2855   -0.729666
    2856   -0.729666
    2857   -0.727817
    2858   -0.727817
    2859   -0.725894
    2860   -0.725894
    2861   -0.723911
    2862   -0.723911
    2863   -0.721882
    2864   -0.721882
    2865   -0.719789
    2866   -0.719789
    2867   -0.717606
    2868   -0.717606
    2869   -0.715328
    2870   -0.715328
    2871   -0.712961
    2872   -0.712961
    2873   -0.710496
    2874   -0.710496
    2875   -0.707917
    2876   -0.707917
    2877   -0.705197
    2878   -0.705197
    2879   -0.702298
    2880   -0.702298
    2881   -0.699190
    2882   -0.699190
    2883   -0.695874
    2884   -0.695874
    2885   -0.692400
    2886   -0.692400
    2887   -0.688821
    2888   -0.688821
    2889   -0.685215
    2890   -0.685215
    2891   -0.681823
    2892   -0.681823
    2893   -0.679061
    2894   -0.679061
    2895   -0.676971
    2896   -0.676971
    2897   -0.675108
    2898   -0.675108
    2899   -0.673139
    2900   -0.673139
    2901   -0.670956
    2902   -0.670956
    2903   -0.668523
    2904   -0.668523
    2905   -0.665812
    2906   -0.665812
    2907   -0.662849
    2908   -0.662849
    2909   -0.659607
    2910   -0.659607
    2911   -0.656008
    2912   -0.656008
    2913   -0.652057
    2914   -0.652057
    2915   -0.647800
    2916   -0.647800
    2917   -0.643234
    2918   -0.643234
    2919   -0.638310
    2920   -0.638310
    2921   -0.633017
    2922   -0.633017
    2923   -0.627334
    2924   -0.627334
    2925   -0.621244
    2926   -0.621244
    2927   -0.614757
    2928   -0.614757
    2929   -0.607841
    2930   -0.607841
    2931   -0.600463
    2932   -0.600463
    2933   -0.592636
    2934   -0.592636
    2935   -0.584351
    2936   -0.584351
    2937   -0.575572
    2938   -0.575572
    2939   -0.566249
    2940   -0.566249
    2941   -0.556283
    2942   -0.556283
    2943   -0.545581
    2944   -0.545581
    2945   -0.534076
    2946   -0.534076
    2947   -0.521699
    2948   -0.521699
    2949   -0.508363
    2950   -0.508363
    2951   -0.493922
    2952   -0.493922
    2953   -0.478145
    2954   -0.478145
    2955   -0.460777
    2956   -0.460777
    2957   -0.441327
    2958   -0.441327
    2959   -0.419521
    2960   -0.419521
    2961   -0.394815
    2962   -0.394815
    2963   -0.365564
    2964   -0.365564
    2965   -0.331073
    2966   -0.331073
    2967   -0.292175
    2968   -0.292175
    2969   -0.258500
    2970   -0.258500
    2971   -0.932144
    2972   -0.932144
    2973   -0.932377
    2974   -0.932377
    2975   -0.932222
    2976   -0.932222
    2977   -0.931260
    2978   -0.931260
    2979   -0.930247
    2980   -0.930247
    2981   -0.929463
    2982   -0.929463
    2983   -0.928721
    2984   -0.928721
    2985   -0.927948
    2986   -0.927948
    2987   -0.927111
    2988   -0.927111
    2989   -0.926214
    2990   -0.926214
    2991   -0.925257
    2992   -0.925257
    2993   -0.924224
    2994   -0.924224
    2995   -0.923119
    2996   -0.923119
    2997   -0.921973
    2998   -0.921973
    2999   -0.920804
    3000   -0.920804
    3001   -0.919618
    3002   -0.919618
    3003   -0.918421
    3004   -0.918421
    3005   -0.917224
    3006   -0.917224
    3007   -0.916027
    3008   -0.916027
    3009   -0.914815
    3010   -0.914815
    3011   -0.913579
    3012   -0.913579
    3013   -0.912314
    3014   -0.912314
    3015   -0.911014
    3016   -0.911014
    3017   -0.909672
    3018   -0.909672
    3019   -0.908285
    3020   -0.908285
    3021   -0.906853
    3022   -0.906853
    3023   -0.905378
    3024   -0.905378
    3025   -0.903864
    3026   -0.903864
    3027   -0.902312
    3028   -0.902312
    3029   -0.900711
    3030   -0.900711
    3031   -0.899058
    3032   -0.899058
    3033   -0.897353
    3034   -0.897353
    3035   -0.895590
    3036   -0.895590
    3037   -0.893758
    3038   -0.893758
    3039   -0.891856
    3040   -0.891856
    3041   -0.889887
    3042   -0.889887
    3043   -0.887848
    3044   -0.887848
    3045   -0.885743
    3046   -0.885743
    3047   -0.883570
    3048   -0.883570
    3049   -0.881320
    3050   -0.881320
    3051   -0.878986
    3052   -0.878986
    3053   -0.876554
    3054   -0.876554
    3055   -0.874013
    3056   -0.874013
    3057   -0.871358
    3058   -0.871358
    3059   -0.868623
    3060   -0.868623
    3061   -0.865862
    3062   -0.865862
    3063   -0.863051
    3064   -0.863051
    3065   -0.860118
    3066   -0.860118
    3067   -0.857037
    3068   -0.857037
    3069   -0.853811
    3070   -0.853811
    3071   -0.850430
    3072   -0.850430
    3073   -0.846875
    3074   -0.846875
    3075   -0.843121
    3076   -0.843121
    3077   -0.839130
    3078   -0.839130
    3079   -0.834867
    3080   -0.834867
    3081   -0.830322
    3082   -0.830322
    3083   -0.825494
    3084   -0.825494
    3085   -0.820397
    3086   -0.820397
    3087   -0.815248
    3088   -0.815248
    3089   -0.810518
    3090   -0.810518
    3091   -0.806726
    3092   -0.806726
    3093   -0.803811
    3094   -0.803811
    3095   -0.801133
    3096   -0.801133
    3097   -0.798254
    3098   -0.798254
    3099   -0.795007
    3100   -0.795007
    3101   -0.791350
    3102   -0.791350
    3103   -0.787278
    3104   -0.787278
    3105   -0.782810
    3106   -0.782810
    3107   -0.777937
    3108   -0.777937
    3109   -0.772609
    3110   -0.772609
    3111   -0.766821
    3112   -0.766821
    3113   -0.760609
    3114   -0.760609
    3115   -0.753961
    3116   -0.753961
    3117   -0.746830
    3118   -0.746830
    3119   -0.739198
    3120   -0.739198
    3121   -0.731051
    3122   -0.731051
    3123   -0.722371
    3124   -0.722371
    3125   -0.713160
    3126   -0.713160
    3127   -0.703386
    3128   -0.703386
    3129   -0.692999
    3130   -0.692999
    3131   -0.681985
    3132   -0.681985
    3133   -0.670323
    3134   -0.670323
    3135   -0.657977
    3136   -0.657977
    3137   -0.644899
    3138   -0.644899
    3139   -0.631025
    3140   -0.631025
    3141   -0.616223
    3142   -0.616223
    3143   -0.600365
    3144   -0.600365
    3145   -0.583353
    3146   -0.583353
    3147   -0.565067
    3148   -0.565067
    3149   -0.545373
    3150   -0.545373
    3151   -0.523996
    3152   -0.523996
    3153   -0.500633
    3154   -0.500633
    3155   -0.474859
    3156   -0.474859
    3157   -0.446323
    3158   -0.446323
    3159   -0.414265
    3160   -0.414265
    3161   -0.377712
    3162   -0.377712
    3163   -0.336888
    3164   -0.336888
    3165   -0.292997
    3166   -0.292997
    3167   -0.256258
    3168   -0.256258
    3169   -1.119926
    3170   -1.119926
    3171   -1.119214
    3172   -1.119214
    3173   -1.117776
    3174   -1.117776
    3175   -1.115995
    3176   -1.115995
    3177   -1.114654
    3178   -1.114654
    3179   -1.113640
    3180   -1.113640
    3181   -1.112602
    3182   -1.112602
    3183   -1.111509
    3184   -1.111509
    3185   -1.110345
    3186   -1.110345
    3187   -1.109106
    3188   -1.109106
    3189   -1.107789
    3190   -1.107789
    3191   -1.106381
    3192   -1.106381
    3193   -1.104885
    3194   -1.104885
    3195   -1.103328
    3196   -1.103328
    3197   -1.101725
    3198   -1.101725
    3199   -1.100081
    3200   -1.100081
    3201   -1.098402
    3202   -1.098402
    3203   -1.096707
    3204   -1.096707
    3205   -1.094999
    3206   -1.094999
    3207   -1.093266
    3208   -1.093266
    3209   -1.091499
    3210   -1.091499
    3211   -1.089694
    3212   -1.089694
    3213   -1.087838
    3214   -1.087838
    3215   -1.085912
    3216   -1.085912
    3217   -1.083908
    3218   -1.083908
    3219   -1.081820
    3220   -1.081820
    3221   -1.079650
    3222   -1.079650
    3223   -1.077410
    3224   -1.077410
    3225   -1.075103
    3226   -1.075103
    3227   -1.072729
    3228   -1.072729
    3229   -1.070286
    3230   -1.070286
    3231   -1.067773
    3232   -1.067773
    3233   -1.065181
    3234   -1.065181
    3235   -1.062496
    3236   -1.062496
    3237   -1.059712
    3238   -1.059712
    3239   -1.056828
    3240   -1.056828
    3241   -1.053841
    3242   -1.053841
    3243   -1.050746
    3244   -1.050746
    3245   -1.047541
    3246   -1.047541
    3247   -1.044220
    3248   -1.044220
    3249   -1.040769
    3250   -1.040769
    3251   -1.037176
    3252   -1.037176
    3253   -1.033430
    3254   -1.033430
    3255   -1.029522
    3256   -1.029522
    3257   -1.025494
    3258   -1.025494
    3259   -1.021419
    3260   -1.021419
    3261   -1.017276
    3262   -1.017276
    3263   -1.012959
    3264   -1.012959
    3265   -1.008414
    3266   -1.008414
    3267   -1.003634
    3268   -1.003634
    3269   -0.998599
    3270   -0.998599
    3271   -0.993290
    3272   -0.993290
    3273   -0.987695
    3274   -0.987695
    3275   -0.981801
    3276   -0.981801
    3277   -0.975575
    3278   -0.975575
    3279   -0.968961
    3280   -0.968961
    3281   -0.961878
    3282   -0.961878
    3283   -0.954297
    3284   -0.954297
    3285   -0.946492
    3286   -0.946492
    3287   -0.939333
    3288   -0.939333
    3289   -0.933854
    3290   -0.933854
    3291   -0.929750
    3292   -0.929750
    3293   -0.925807
    3294   -0.925807
    3295   -0.921443
    3296   -0.921443
    3297   -0.916443
    3298   -0.916443
    3299   -0.910745
    3300   -0.910745
    3301   -0.904380
    3302   -0.904380
    3303   -0.897318
    3304   -0.897318
    3305   -0.889580
    3306   -0.889580
    3307   -0.881219
    3308   -0.881219
    3309   -0.872231
    3310   -0.872231
    3311   -0.862559
    3312   -0.862559
    3313   -0.852179
    3314   -0.852179
    3315   -0.841101
    3316   -0.841101
    3317   -0.829324
    3318   -0.829324
    3319   -0.816846
    3320   -0.816846
    3321   -0.803644
    3322   -0.803644
    3323   -0.789689
    3324   -0.789689
    3325   -0.774945
    3326   -0.774945
    3327   -0.759338
    3328   -0.759338
    3329   -0.742804
    3330   -0.742804
    3331   -0.725295
    3332   -0.725295
    3333   -0.706765
    3334   -0.706765
    3335   -0.687147
    3336   -0.687147
    3337   -0.666377
    3338   -0.666377
    3339   -0.644313
    3340   -0.644313
    3341   -0.620778
    3342   -0.620778
    3343   -0.595598
    3344   -0.595598
    3345   -0.568584
    3346   -0.568584
    3347   -0.539561
    3348   -0.539561
    3349   -0.508199
    3350   -0.508199
    3351   -0.474102
    3352   -0.474102
    3353   -0.436889
    3354   -0.436889
    3355   -0.396132
    3356   -0.396132
    3357   -0.351133
    3358   -0.351133
    3359   -0.301888
    3360   -0.301888
    3361   -0.249482
    3362   -0.249482
    3363   -0.196842
    3364   -0.196842
    3365   -0.155843
    3366   -0.155843
    3367   -1.413085
    3368   -1.413085
    3369   -1.410773
    3370   -1.410773
    3371   -1.407525
    3372   -1.407525
    3373   -1.404833
    3374   -1.404833
    3375   -1.402978
    3376   -1.402978
    3377   -1.401425
    3378   -1.401425
    3379   -1.399825
    3380   -1.399825
    3381   -1.398127
    3382   -1.398127
    3383   -1.396311
    3384   -1.396311
    3385   -1.394369
    3386   -1.394369
    3387   -1.392304
    3388   -1.392304
    3389   -1.390130
    3390   -1.390130
    3391   -1.387859
    3392   -1.387859
    3393   -1.385500
    3394   -1.385500
    3395   -1.383062
    3396   -1.383062
    3397   -1.380548
    3398   -1.380548
    3399   -1.377959
    3400   -1.377959
    3401   -1.375309
    3402   -1.375309
    3403   -1.372610
    3404   -1.372610
    3405   -1.369866
    3406   -1.369866
    3407   -1.367069
    3408   -1.367069
    3409   -1.364209
    3410   -1.364209
    3411   -1.361265
    3412   -1.361265
    3413   -1.358207
    3414   -1.358207
    3415   -1.355016
    3416   -1.355016
    3417   -1.351680
    3418   -1.351680
    3419   -1.348197
    3420   -1.348197
    3421   -1.344575
    3422   -1.344575
    3423   -1.340828
    3424   -1.340828
    3425   -1.336972
    3426   -1.336972
    3427   -1.333010
    3428   -1.333010
    3429   -1.328936
    3430   -1.328936
    3431   -1.324742
    3432   -1.324742
    3433   -1.320417
    3434   -1.320417
    3435   -1.315946
    3436   -1.315946
    3437   -1.311318
    3438   -1.311318
    3439   -1.306520
    3440   -1.306520
    3441   -1.301539
    3442   -1.301539
    3443   -1.296374
    3444   -1.296374
    3445   -1.291016
    3446   -1.291016
    3447   -1.285442
    3448   -1.285442
    3449   -1.279642
    3450   -1.279642
    3451   -1.273613
    3452   -1.273613
    3453   -1.267350
    3454   -1.267350
    3455   -1.260899
    3456   -1.260899
    3457   -1.254324
    3458   -1.254324
    3459   -1.247587
    3460   -1.247587
    3461   -1.240573
    3462   -1.240573
    3463   -1.233206
    3464   -1.233206
    3465   -1.225452
    3466   -1.225452
    3467   -1.217288
    3468   -1.217288
    3469   -1.208691
    3470   -1.208691
    3471   -1.199651
    3472   -1.199651
    3473   -1.190173
    3474   -1.190173
    3475   -1.180204
    3476   -1.180204
    3477   -1.169607
    3478   -1.169607
    3479   -1.158232
    3480   -1.158232
    3481   -1.146011
    3482   -1.146011
    3483   -1.133135
    3484   -1.133135
    3485   -1.120928
    3486   -1.120928
    3487   -1.111611
    3488   -1.111611
    3489   -1.104919
    3490   -1.104919
    3491   -1.098540
    3492   -1.098540
    3493   -1.091366
    3494   -1.091366
    3495   -1.083121
    3496   -1.083121
    3497   -1.073723
    3498   -1.073723
    3499   -1.063193
    3500   -1.063193
    3501   -1.051492
    3502   -1.051492
    3503   -1.038663
    3504   -1.038663
    3505   -1.024805
    3506   -1.024805
    3507   -1.009930
    3508   -1.009930
    3509   -0.993952
    3510   -0.993952
    3511   -0.976831
    3512   -0.976831
    3513   -0.958598
    3514   -0.958598
    3515   -0.939257
    3516   -0.939257
    3517   -0.918794
    3518   -0.918794
    3519   -0.897181
    3520   -0.897181
    3521   -0.874366
    3522   -0.874366
    3523   -0.850298
    3524   -0.850298
    3525   -0.824871
    3526   -0.824871
    3527   -0.797955
    3528   -0.797955
    3529   -0.769467
    3530   -0.769467
    3531   -0.739333
    3532   -0.739333
    3533   -0.707446
    3534   -0.707446
    3535   -0.673710
    3536   -0.673710
    3537   -0.637954
    3538   -0.637954
    3539   -0.599921
    3540   -0.599921
    3541   -0.559294
    3542   -0.559294
    3543   -0.515751
    3544   -0.515751
    3545   -0.468975
    3546   -0.468975
    3547   -0.418567
    3548   -0.418567
    3549   -0.364057
    3550   -0.364057
    3551   -0.304932
    3552   -0.304932
    3553   -0.240640
    3554   -0.240640
    3555   -0.170781
    3556   -0.170781
    3557   -0.096313
    3558   -0.096313
    3559   -0.019196
    3560   -0.019196
    3561    0.053856
    3562    0.053856
    3563    0.106431
    3564    0.106431
    3565   -1.982722
    3566   -1.982722
    3567   -1.977335
    3568   -1.977335
    3569   -1.970649
    3570   -1.970649
    3571   -1.966539
    3572   -1.966539
    3573   -1.964002
    3574   -1.964002
    3575   -1.961514
    3576   -1.961514
    3577   -1.958850
    3578   -1.958850
    3579   -1.955975
    3580   -1.955975
    3581   -1.952873
    3582   -1.952873
    3583   -1.949541
    3584   -1.949541
    3585   -1.945999
    3586   -1.945999
    3587   -1.942312
    3588   -1.942312
    3589   -1.938510
    3590   -1.938510
    3591   -1.934571
    3592   -1.934571
    3593   -1.930487
    3594   -1.930487
    3595   -1.926257
    3596   -1.926257
    3597   -1.921879
    3598   -1.921879
    3599   -1.917359
    3600   -1.917359
    3601   -1.912724
    3602   -1.912724
    3603   -1.908005
    3604   -1.908005
    3605   -1.903195
    3606   -1.903195
    3607   -1.898275
    3608   -1.898275
    3609   -1.893207
    3610   -1.893207
    3611   -1.887949
    3612   -1.887949
    3613   -1.882462
    3614   -1.882462
    3615   -1.876706
    3616   -1.876706
    3617   -1.870675
    3618   -1.870675
    3619   -1.864385
    3620   -1.864385
    3621   -1.857864
    3622   -1.857864
    3623   -1.851140
    3624   -1.851140
    3625   -1.844227
    3626   -1.844227
    3627   -1.837126
    3628   -1.837126
    3629   -1.829829
    3630   -1.829829
    3631   -1.822325
    3632   -1.822325
    3633   -1.814586
    3634   -1.814586
    3635   -1.806574
    3636   -1.806574
    3637   -1.798266
    3638   -1.798266
    3639   -1.789633
    3640   -1.789633
    3641   -1.780676
    3642   -1.780676
    3643   -1.771382
    3644   -1.771382
    3645   -1.761704
    3646   -1.761704
    3647   -1.751640
    3648   -1.751640
    3649   -1.741195
    3650   -1.741195
    3651   -1.730363
    3652   -1.730363
    3653   -1.719211
    3654   -1.719211
    3655   -1.707809
    3656   -1.707809
    3657   -1.696073
    3658   -1.696073
    3659   -1.683832
    3660   -1.683832
    3661   -1.670990
    3662   -1.670990
    3663   -1.657491
    3664   -1.657491
    3665   -1.643306
    3666   -1.643306
    3667   -1.628403
    3668   -1.628403
    3669   -1.612755
    3670   -1.612755
    3671   -1.596350
    3672   -1.596350
    3673   -1.579088
    3674   -1.579088
    3675   -1.560727
    3676   -1.560727
    3677   -1.541004
    3678   -1.541004
    3679   -1.519743
    3680   -1.519743
    3681   -1.496957
    3682   -1.496957
    3683   -1.474853
    3684   -1.474853
    3685   -1.457642
    3686   -1.457642
    3687   -1.445522
    3688   -1.445522
    3689   -1.434462
    3690   -1.434462
    3691   -1.421878
    3692   -1.421878
    3693   -1.407521
    3694   -1.407521
    3695   -1.391276
    3696   -1.391276
    3697   -1.372933
    3698   -1.372933
    3699   -1.352554
    3700   -1.352554
    3701   -1.330199
    3702   -1.330199
    3703   -1.305995
    3704   -1.305995
    3705   -1.279984
    3706   -1.279984
    3707   -1.252096
    3708   -1.252096
    3709   -1.222288
    3710   -1.222288
    3711   -1.190569
    3712   -1.190569
    3713   -1.156916
    3714   -1.156916
    3715   -1.121290
    3716   -1.121290
    3717   -1.083646
    3718   -1.083646
    3719   -1.043907
    3720   -1.043907
    3721   -1.001986
    3722   -1.001986
    3723   -0.957717
    3724   -0.957717
    3725   -0.910871
    3726   -0.910871
    3727   -0.861315
    3728   -0.861315
    3729   -0.808898
    3730   -0.808898
    3731   -0.753400
    3732   -0.753400
    3733   -0.694704
    3734   -0.694704
    3735   -0.632602
    3736   -0.632602
    3737   -0.566664
    3738   -0.566664
    3739   -0.496284
    3740   -0.496284
    3741   -0.420867
    3742   -0.420867
    3743   -0.339817
    3744   -0.339817
    3745   -0.252563
    3746   -0.252563
    3747   -0.158495
    3748   -0.158495
    3749   -0.056776
    3750   -0.056776
    3751    0.053509
    3752    0.053509
    3753    0.172639
    3754    0.172639
    3755    0.298660
    3756    0.298660
    3757    0.428022
    3758    0.428022
    3759    0.547083
    3760    0.547083
    3761    0.629196
    3762    0.629196
    3763   -2.894224
    3764   -2.894224
    3765   -2.883998
    3766   -2.883998
    3767   -2.871800
    3768   -2.871800
    3769   -2.865582
    3770   -2.865582
    3771   -2.862078
    3772   -2.862078
    3773   -2.858184
    3774   -2.858184
    3775   -2.853895
    3776   -2.853895
    3777   -2.849201
    3778   -2.849201
    3779   -2.844107
    3780   -2.844107
    3781   -2.838626
    3782   -2.838626
    3783   -2.832801
    3784   -2.832801
    3785   -2.826770
    3786   -2.826770
    3787   -2.820596
    3788   -2.820596
    3789   -2.814201
    3790   -2.814201
    3791   -2.807559
    3792   -2.807559
    3793   -2.800667
    3794   -2.800667
    3795   -2.793516
    3796   -2.793516
    3797   -2.786104
    3798   -2.786104
    3799   -2.778480
    3800   -2.778480
    3801   -2.770718
    3802   -2.770718
    3803   -2.762810
    3804   -2.762810
    3805   -2.754718
    3806   -2.754718
    3807   -2.746384
    3808   -2.746384
    3809   -2.737750
    3810   -2.737750
    3811   -2.728743
    3812   -2.728743
    3813   -2.719270
    3814   -2.719270
    3815   -2.709320
    3816   -2.709320
    3817   -2.698937
    3818   -2.698937
    3819   -2.688166
    3820   -2.688166
    3821   -2.677042
    3822   -2.677042
    3823   -2.665594
    3824   -2.665594
    3825   -2.653847
    3826   -2.653847
    3827   -2.641791
    3828   -2.641791
    3829   -2.629411
    3830   -2.629411
    3831   -2.616654
    3832   -2.616654
    3833   -2.603443
    3834   -2.603443
    3835   -2.589742
    3836   -2.589742
    3837   -2.575498
    3838   -2.575498
    3839   -2.560718
    3840   -2.560718
    3841   -2.545385
    3842   -2.545385
    3843   -2.529410
    3844   -2.529410
    3845   -2.512797
    3846   -2.512797
    3847   -2.495567
    3848   -2.495567
    3849   -2.477696
    3850   -2.477696
    3851   -2.459294
    3852   -2.459294
    3853   -2.440493
    3854   -2.440493
    3855   -2.421124
    3856   -2.421124
    3857   -2.400882
    3858   -2.400882
    3859   -2.379645
    3860   -2.379645
    3861   -2.357337
    3862   -2.357337
    3863   -2.333921
    3864   -2.333921
    3865   -2.309349
    3866   -2.309349
    3867   -2.283555
    3868   -2.283555
    3869   -2.256515
    3870   -2.256515
    3871   -2.228062
    3872   -2.228062
    3873   -2.197795
    3874   -2.197795
    3875   -2.165249
    3876   -2.165249
    3877   -2.129987
    3878   -2.129987
    3879   -2.091668
    3880   -2.091668
    3881   -2.054281
    3882   -2.054281
    3883   -2.025127
    3884   -2.025127
    3885   -2.004898
    3886   -2.004898
    3887   -1.986937
    3888   -1.986937
    3889   -1.966103
    3890   -1.966103
    3891   -1.942476
    3892   -1.942476
    3893   -1.915934
    3894   -1.915934
    3895   -1.885689
    3896   -1.885689
    3897   -1.852065
    3898   -1.852065
    3899   -1.815144
    3900   -1.815144
    3901   -1.775142
    3902   -1.775142
    3903   -1.732148
    3904   -1.732148
    3905   -1.686063
    3906   -1.686063
    3907   -1.636850
    3908   -1.636850
    3909   -1.584498
    3910   -1.584498
    3911   -1.528956
    3912   -1.528956
    3913   -1.470145
    3914   -1.470145
    3915   -1.407984
    3916   -1.407984
    3917   -1.342358
    3918   -1.342358
    3919   -1.273122
    3920   -1.273122
    3921   -1.200000
    3922   -1.200000
    3923   -1.122615
    3924   -1.122615
    3925   -1.040762
    3926   -1.040762
    3927   -0.954162
    3928   -0.954162
    3929   -0.862368
    3930   -0.862368
    3931   -0.765271
    3932   -0.765271
    3933   -0.662689
    3934   -0.662689
    3935   -0.553902
    3936   -0.553902
    3937   -0.437826
    3938   -0.437826
    3939   -0.313438
    3940   -0.313438
    3941   -0.179734
    3942   -0.179734
    3943   -0.035844
    3944   -0.035844
    3945    0.119154
    3946    0.119154
    3947    0.286656
    3948    0.286656
    3949    0.468298
    3950    0.468298
    3951    0.664593
    3952    0.664593
    3953    0.872581
    3954    0.872581
    3955    1.086618
    3956    1.086618
    3957    1.282432
    3958    1.282432
    3959    1.415620
    3960    1.415620
