    2100
       1    8.866017    0.000000    1.179045
       2    8.833784    0.000000    1.181540
       3    8.790546    0.000000    1.184882
       4    8.733223    0.000000    1.189306
       5    8.658404    0.000000    1.195066
       6    8.562716    0.000000    1.202412
       7    8.443475    0.000000    1.211535
       8    8.299602    0.000000    1.222495
       9    8.132608    0.000000    1.235140
      10    7.947264    0.000000    1.249048
      11    7.751486    0.000000    1.263538
      12    7.555223    0.000000    1.277744
      13    7.368608    0.000000    1.290793
      14    7.200059    0.000000    1.301951
      15    7.055048    0.000000    1.310588
      16    6.935871    0.000000    1.314394
      17    6.842275    0.000000    1.312513
      18    6.772489    0.000000    1.306907
      19    6.724454    0.000000    1.300211
      20    6.697332    0.000000    1.294845
      21    6.689826    0.000000    1.292721
      22    8.866017    1.230000    1.179045
      23    8.833784    1.230000    1.181540
      24    8.790546    1.230000    1.184882
      25    8.733223    1.230000    1.189306
      26    8.658404    1.230000    1.195066
      27    8.562716    1.230000    1.202412
      28    8.443475    1.230000    1.211535
      29    8.299602    1.230000    1.222495
      30    8.132608    1.230000    1.235140
      31    7.947264    1.230000    1.249048
      32    7.751486    1.230000    1.263538
      33    7.555223    1.230000    1.277744
      34    7.368608    1.230000    1.290793
      35    7.200059    1.230000    1.301951
      36    7.055048    1.230000    1.310588
      37    6.935871    1.230000    1.314394
      38    6.842275    1.230000    1.312513
      39    6.772489    1.230000    1.306907
      40    6.724454    1.230000    1.300211
      41    6.697332    1.230000    1.294845
      42    6.689826    1.230000    1.292721
      43    8.866169    1.313339    1.181951
      44    8.833936    1.313339    1.184446
      45    8.790698    1.313339    1.187789
      46    8.733375    1.313339    1.192212
      47    8.658556    1.313339    1.197972
      48    8.562868    1.313339    1.205318
      49    8.443627    1.313339    1.214441
      50    8.299754    1.313339    1.225401
      51    8.132760    1.313339    1.238046
      52    7.947416    1.313339    1.251954
      53    7.751638    1.313339    1.266444
      54    7.555375    1.313339    1.280651
      55    7.368760    1.313339    1.293699
      56    7.200212    1.313339    1.304858
      57    7.055200    1.313339    1.313495
      58    6.936024    1.313339    1.317300
      59    6.842427    1.313339    1.315419
      60    6.772642    1.313339    1.309814
      61    6.724606    1.313339    1.303117
      62    6.697484    1.313339    1.297752
      63    6.689978    1.313339    1.295628
      64    8.866321    1.396678    1.184857
      65    8.834089    1.396678    1.187353
      66    8.790850    1.396678    1.190695
      67    8.733528    1.396678    1.195118
      68    8.658709    1.396678    1.200878
      69    8.563020    1.396678    1.208224
      70    8.443779    1.396678    1.217347
      71    8.299906    1.396678    1.228307
      72    8.132913    1.396678    1.240952
      73    7.947569    1.396678    1.254861
      74    7.751791    1.396678    1.269350
      75    7.555528    1.396678    1.283557
      76    7.368912    1.396678    1.296606
      77    7.200364    1.396678    1.307764
      78    7.055352    1.396678    1.316401
      79    6.936176    1.396678    1.320206
      80    6.842580    1.396678    1.318325
      81    6.772794    1.396678    1.312720
      82    6.724758    1.396678    1.306023
      83    6.697637    1.396678    1.300658
      84    6.690131    1.396678    1.298534
      85    8.866474    1.480017    1.187764
      86    8.834241    1.480017    1.190259
      87    8.791003    1.480017    1.193601
      88    8.733680    1.480017    1.198024
      89    8.658861    1.480017    1.203784
      90    8.563173    1.480017    1.211131
      91    8.443932    1.480017    1.220254
      92    8.300059    1.480017    1.231213
      93    8.133065    1.480017    1.243858
      94    7.947721    1.480017    1.257767
      95    7.751943    1.480017    1.272256
      96    7.555680    1.480017    1.286463
      97    7.369065    1.480017    1.299512
      98    7.200516    1.480017    1.310670
      99    7.055505    1.480017    1.319307
     100    6.936328    1.480017    1.323113
     101    6.842732    1.480017    1.321231
     102    6.772946    1.480017    1.315626
     103    6.724911    1.480017    1.308930
     104    6.697789    1.480017    1.303564
     105    6.690283    1.480017    1.301440
     106    8.866626    1.563356    1.190670
     107    8.834393    1.563356    1.193165
     108    8.791155    1.563356    1.196508
     109    8.733832    1.563356    1.200931
     110    8.659013    1.563356    1.206691
     111    8.563325    1.563356    1.214037
     112    8.444084    1.563356    1.223160
     113    8.300211    1.563356    1.234120
     114    8.133217    1.563356    1.246765
     115    7.947873    1.563356    1.260673
     116    7.752095    1.563356    1.275163
     117    7.555832    1.563356    1.289370
     118    7.369217    1.563356    1.302418
     119    7.200669    1.563356    1.313576
     120    7.055657    1.563356    1.322213
     121    6.936481    1.563356    1.326019
     122    6.842884    1.563356    1.324138
     123    6.773099    1.563356    1.318533
     124    6.725063    1.563356    1.311836
     125    6.697941    1.563356    1.306470
     126    6.690435    1.563356    1.304347
     127    8.866778    1.646695    1.193576
     128    8.834545    1.646695    1.196072
     129    8.791307    1.646695    1.199414
     130    8.733984    1.646695    1.203837
     131    8.659166    1.646695    1.209597
     132    8.563477    1.646695    1.216943
     133    8.444236    1.646695    1.226066
     134    8.300363    1.646695    1.237026
     135    8.133370    1.646695    1.249671
     136    7.948026    1.646695    1.263579
     137    7.752248    1.646695    1.278069
     138    7.555985    1.646695    1.292276
     139    7.369369    1.646695    1.305324
     140    7.200821    1.646695    1.316483
     141    7.055809    1.646695    1.325120
     142    6.936633    1.646695    1.328925
     143    6.843037    1.646695    1.327044
     144    6.773251    1.646695    1.321439
     145    6.725215    1.646695    1.314742
     146    6.698094    1.646695    1.309377
     147    6.690587    1.646695    1.307253
     148    8.866931    1.730034    1.196483
     149    8.834698    1.730034    1.198978
     150    8.791460    1.730034    1.202320
     151    8.734137    1.730034    1.206743
     152    8.659318    1.730034    1.212503
     153    8.563630    1.730034    1.219849
     154    8.444389    1.730034    1.228972
     155    8.300516    1.730034    1.239932
     156    8.133522    1.730034    1.252577
     157    7.948178    1.730034    1.266486
     158    7.752400    1.730034    1.280975
     159    7.556137    1.730034    1.295182
     160    7.369522    1.730034    1.308231
     161    7.200973    1.730034    1.319389
     162    7.055962    1.730034    1.328026
     163    6.936785    1.730034    1.331831
     164    6.843189    1.730034    1.329950
     165    6.773403    1.730034    1.324345
     166    6.725367    1.730034    1.317649
     167    6.698246    1.730034    1.312283
     168    6.690740    1.730034    1.310159
     169    8.867083    1.813373    1.199389
     170    8.834850    1.813373    1.201884
     171    8.791612    1.813373    1.205226
     172    8.734289    1.813373    1.209649
     173    8.659470    1.813373    1.215409
     174    8.563782    1.813373    1.222756
     175    8.444541    1.813373    1.231879
     176    8.300668    1.813373    1.242839
     177    8.133674    1.813373    1.255483
     178    7.948330    1.813373    1.269392
     179    7.752552    1.813373    1.283881
     180    7.556289    1.813373    1.298088
     181    7.369674    1.813373    1.311137
     182    7.201125    1.813373    1.322295
     183    7.056114    1.813373    1.330932
     184    6.936937    1.813373    1.334738
     185    6.843341    1.813373    1.332857
     186    6.773556    1.813373    1.327251
     187    6.725520    1.813373    1.320555
     188    6.698398    1.813373    1.315189
     189    6.690892    1.813373    1.313065
     190    8.867235    1.896712    1.202295
     191    8.835002    1.896712    1.204790
     192    8.791764    1.896712    1.208133
     193    8.734441    1.896712    1.212556
     194    8.659623    1.896712    1.218316
     195    8.563934    1.896712    1.225662
     196    8.444693    1.896712    1.234785
     197    8.300820    1.896712    1.245745
     198    8.133827    1.896712    1.258390
     199    7.948482    1.896712    1.272298
     200    7.752705    1.896712    1.286788
     201    7.556442    1.896712    1.300995
     202    7.369826    1.896712    1.314043
     203    7.201278    1.896712    1.325202
     204    7.056266    1.896712    1.333839
     205    6.937090    1.896712    1.337644
     206    6.843494    1.896712    1.335763
     207    6.773708    1.896712    1.330158
     208    6.725672    1.896712    1.323461
     209    6.698551    1.896712    1.318096
     210    6.691044    1.896712    1.315972
     211    8.867387    1.980051    1.205201
     212    8.835155    1.980051    1.207697
     213    8.791917    1.980051    1.211039
     214    8.734594    1.980051    1.215462
     215    8.659775    1.980051    1.221222
     216    8.564087    1.980051    1.228568
     217    8.444846    1.980051    1.237691
     218    8.300972    1.980051    1.248651
     219    8.133979    1.980051    1.261296
     220    7.948635    1.980051    1.275205
     221    7.752857    1.980051    1.289694
     222    7.556594    1.980051    1.303901
     223    7.369978    1.980051    1.316949
     224    7.201430    1.980051    1.328108
     225    7.056419    1.980051    1.336745
     226    6.937242    1.980051    1.340550
     227    6.843646    1.980051    1.338669
     228    6.773860    1.980051    1.333064
     229    6.725824    1.980051    1.326367
     230    6.698703    1.980051    1.321002
     231    6.691197    1.980051    1.318878
     232    8.867540    2.063390    1.208108
     233    8.835307    2.063390    1.210603
     234    8.792069    2.063390    1.213945
     235    8.734746    2.063390    1.218368
     236    8.659927    2.063390    1.224128
     237    8.564239    2.063390    1.231474
     238    8.444998    2.063390    1.240598
     239    8.301125    2.063390    1.251557
     240    8.134131    2.063390    1.264202
     241    7.948787    2.063390    1.278111
     242    7.753009    2.063390    1.292600
     243    7.556746    2.063390    1.306807
     244    7.370131    2.063390    1.319856
     245    7.201582    2.063390    1.331014
     246    7.056571    2.063390    1.339651
     247    6.937394    2.063390    1.343457
     248    6.843798    2.063390    1.341575
     249    6.774012    2.063390    1.335970
     250    6.725977    2.063390    1.329274
     251    6.698855    2.063390    1.323908
     252    6.691349    2.063390    1.321784
     253    8.867692    2.146729    1.211014
     254    8.835459    2.146729    1.213509
     255    8.792221    2.146729    1.216852
     256    8.734898    2.146729    1.221275
     257    8.660080    2.146729    1.227035
     258    8.564391    2.146729    1.234381
     259    8.445150    2.146729    1.243504
     260    8.301277    2.146729    1.254464
     261    8.134284    2.146729    1.267109
     262    7.948939    2.146729    1.281017
     263    7.753161    2.146729    1.295507
     264    7.556899    2.146729    1.309713
     265    7.370283    2.146729    1.322762
     266    7.201735    2.146729    1.333920
     267    7.056723    2.146729    1.342557
     268    6.937547    2.146729    1.346363
     269    6.843951    2.146729    1.344482
     270    6.774165    2.146729    1.338876
     271    6.726129    2.146729    1.332180
     272    6.699007    2.146729    1.326814
     273    6.691501    2.146729    1.324690
     274    8.867844    2.230068    1.213920
     275    8.835612    2.230068    1.216415
     276    8.792373    2.230068    1.219758
     277    8.735051    2.230068    1.224181
     278    8.660232    2.230068    1.229941
     279    8.564544    2.230068    1.237287
     280    8.445302    2.230068    1.246410
     281    8.301429    2.230068    1.257370
     282    8.134436    2.230068    1.270015
     283    7.949092    2.230068    1.283923
     284    7.753314    2.230068    1.298413
     285    7.557051    2.230068    1.312620
     286    7.370435    2.230068    1.325668
     287    7.201887    2.230068    1.336827
     288    7.056875    2.230068    1.345464
     289    6.937699    2.230068    1.349269
     290    6.844103    2.230068    1.347388
     291    6.774317    2.230068    1.341783
     292    6.726281    2.230068    1.335086
     293    6.699160    2.230068    1.329721
     294    6.691654    2.230068    1.327597
     295    8.867997    2.313407    1.216826
     296    8.835764    2.313407    1.219322
     297    8.792526    2.313407    1.222664
     298    8.735203    2.313407    1.227087
     299    8.660384    2.313407    1.232847
     300    8.564696    2.313407    1.240193
     301    8.445455    2.313407    1.249316
     302    8.301582    2.313407    1.260276
     303    8.134588    2.313407    1.272921
     304    7.949244    2.313407    1.286830
     305    7.753466    2.313407    1.301319
     306    7.557203    2.313407    1.315526
     307    7.370588    2.313407    1.328575
     308    7.202039    2.313407    1.339733
     309    7.057028    2.313407    1.348370
     310    6.937851    2.313407    1.352175
     311    6.844255    2.313407    1.350294
     312    6.774469    2.313407    1.344689
     313    6.726434    2.313407    1.337993
     314    6.699312    2.313407    1.332627
     315    6.691806    2.313407    1.330503
     316    8.868149    2.396746    1.219733
     317    8.835916    2.396746    1.222228
     318    8.792678    2.396746    1.225570
     319    8.735355    2.396746    1.229993
     320    8.660537    2.396746    1.235753
     321    8.564848    2.396746    1.243100
     322    8.445607    2.396746    1.252223
     323    8.301734    2.396746    1.263182
     324    8.134741    2.396746    1.275827
     325    7.949396    2.396746    1.289736
     326    7.753618    2.396746    1.304225
     327    7.557355    2.396746    1.318432
     328    7.370740    2.396746    1.331481
     329    7.202192    2.396746    1.342639
     330    7.057180    2.396746    1.351276
     331    6.938004    2.396746    1.355082
     332    6.844407    2.396746    1.353201
     333    6.774622    2.396746    1.347595
     334    6.726586    2.396746    1.340899
     335    6.699464    2.396746    1.335533
     336    6.691958    2.396746    1.333409
     337    8.868301    2.480085    1.222639
     338    8.836069    2.480085    1.225134
     339    8.792830    2.480085    1.228477
     340    8.735508    2.480085    1.232900
     341    8.660689    2.480085    1.238660
     342    8.565001    2.480085    1.246006
     343    8.445759    2.480085    1.255129
     344    8.301886    2.480085    1.266089
     345    8.134893    2.480085    1.278734
     346    7.949549    2.480085    1.292642
     347    7.753771    2.480085    1.307132
     348    7.557508    2.480085    1.321339
     349    7.370892    2.480085    1.334387
     350    7.202344    2.480085    1.345545
     351    7.057332    2.480085    1.354182
     352    6.938156    2.480085    1.357988
     353    6.844560    2.480085    1.356107
     354    6.774774    2.480085    1.350502
     355    6.726738    2.480085    1.343805
     356    6.699617    2.480085    1.338439
     357    6.692111    2.480085    1.336316
     358    8.868454    2.563425    1.225545
     359    8.836221    2.563425    1.228041
     360    8.792983    2.563425    1.231383
     361    8.735660    2.563425    1.235806
     362    8.660841    2.563425    1.241566
     363    8.565153    2.563425    1.248912
     364    8.445912    2.563425    1.258035
     365    8.302039    2.563425    1.268995
     366    8.135045    2.563425    1.281640
     367    7.949701    2.563425    1.295548
     368    7.753923    2.563425    1.310038
     369    7.557660    2.563425    1.324245
     370    7.371045    2.563425    1.337293
     371    7.202496    2.563425    1.348452
     372    7.057485    2.563425    1.357089
     373    6.938308    2.563425    1.360894
     374    6.844712    2.563425    1.359013
     375    6.774926    2.563425    1.353408
     376    6.726891    2.563425    1.346711
     377    6.699769    2.563425    1.341346
     378    6.692263    2.563425    1.339222
     379    8.868606    2.646764    1.228452
     380    8.836373    2.646764    1.230947
     381    8.793135    2.646764    1.234289
     382    8.735812    2.646764    1.238712
     383    8.660993    2.646764    1.244472
     384    8.565305    2.646764    1.251818
     385    8.446064    2.646764    1.260941
     386    8.302191    2.646764    1.271901
     387    8.135197    2.646764    1.284546
     388    7.949853    2.646764    1.298455
     389    7.754075    2.646764    1.312944
     390    7.557812    2.646764    1.327151
     391    7.371197    2.646764    1.340200
     392    7.202649    2.646764    1.351358
     393    7.057637    2.646764    1.359995
     394    6.938461    2.646764    1.363800
     395    6.844864    2.646764    1.361919
     396    6.775079    2.646764    1.356314
     397    6.727043    2.646764    1.349618
     398    6.699921    2.646764    1.344252
     399    6.692415    2.646764    1.342128
     400    8.868758    2.730103    1.231358
     401    8.836526    2.730103    1.233853
     402    8.793287    2.730103    1.237195
     403    8.735965    2.730103    1.241619
     404    8.661146    2.730103    1.247378
     405    8.565457    2.730103    1.254725
     406    8.446216    2.730103    1.263848
     407    8.302343    2.730103    1.274808
     408    8.135350    2.730103    1.287452
     409    7.950006    2.730103    1.301361
     410    7.754228    2.730103    1.315850
     411    7.557965    2.730103    1.330057
     412    7.371349    2.730103    1.343106
     413    7.202801    2.730103    1.354264
     414    7.057789    2.730103    1.362901
     415    6.938613    2.730103    1.366707
     416    6.845017    2.730103    1.364826
     417    6.775231    2.730103    1.359220
     418    6.727195    2.730103    1.352524
     419    6.700074    2.730103    1.347158
     420    6.692568    2.730103    1.345034
     421    8.868911    2.813442    1.234264
     422    8.836678    2.813442    1.236759
     423    8.793440    2.813442    1.240102
     424    8.736117    2.813442    1.244525
     425    8.661298    2.813442    1.250285
     426    8.565610    2.813442    1.257631
     427    8.446369    2.813442    1.266754
     428    8.302496    2.813442    1.277714
     429    8.135502    2.813442    1.290359
     430    7.950158    2.813442    1.304267
     431    7.754380    2.813442    1.318757
     432    7.558117    2.813442    1.332964
     433    7.371502    2.813442    1.346012
     434    7.202953    2.813442    1.357171
     435    7.057942    2.813442    1.365808
     436    6.938765    2.813442    1.369613
     437    6.845169    2.813442    1.367732
     438    6.775383    2.813442    1.362127
     439    6.727348    2.813442    1.355430
     440    6.700226    2.813442    1.350065
     441    6.692720    2.813442    1.347941
     442    8.869063    2.896781    1.237170
     443    8.836830    2.896781    1.239666
     444    8.793592    2.896781    1.243008
     445    8.736269    2.896781    1.247431
     446    8.661450    2.896781    1.253191
     447    8.565762    2.896781    1.260537
     448    8.446521    2.896781    1.269660
     449    8.302648    2.896781    1.280620
     450    8.135654    2.896781    1.293265
     451    7.950310    2.896781    1.307174
     452    7.754532    2.896781    1.321663
     453    7.558269    2.896781    1.335870
     454    7.371654    2.896781    1.348918
     455    7.203106    2.896781    1.360077
     456    7.058094    2.896781    1.368714
     457    6.938918    2.896781    1.372519
     458    6.845321    2.896781    1.370638
     459    6.775536    2.896781    1.365033
     460    6.727500    2.896781    1.358336
     461    6.700378    2.896781    1.352971
     462    6.692872    2.896781    1.350847
     463    8.869215    2.980120    1.240077
     464    8.836982    2.980120    1.242572
     465    8.793744    2.980120    1.245914
     466    8.736421    2.980120    1.250337
     467    8.661603    2.980120    1.256097
     468    8.565914    2.980120    1.263444
     469    8.446673    2.980120    1.272567
     470    8.302800    2.980120    1.283526
     471    8.135807    2.980120    1.296171
     472    7.950463    2.980120    1.310080
     473    7.754685    2.980120    1.324569
     474    7.558422    2.980120    1.338776
     475    7.371806    2.980120    1.351825
     476    7.203258    2.980120    1.362983
     477    7.058246    2.980120    1.371620
     478    6.939070    2.980120    1.375426
     479    6.845474    2.980120    1.373544
     480    6.775688    2.980120    1.367939
     481    6.727652    2.980120    1.361243
     482    6.700531    2.980120    1.355877
     483    6.693024    2.980120    1.353753
     484    8.869368    3.063459    1.242983
     485    8.837135    3.063459    1.245478
     486    8.793897    3.063459    1.248821
     487    8.736574    3.063459    1.253244
     488    8.661755    3.063459    1.259004
     489    8.566067    3.063459    1.266350
     490    8.446826    3.063459    1.275473
     491    8.302953    3.063459    1.286433
     492    8.135959    3.063459    1.299078
     493    7.950615    3.063459    1.312986
     494    7.754837    3.063459    1.327476
     495    7.558574    3.063459    1.341683
     496    7.371959    3.063459    1.354731
     497    7.203410    3.063459    1.365889
     498    7.058399    3.063459    1.374526
     499    6.939222    3.063459    1.378332
     500    6.845626    3.063459    1.376451
     501    6.775840    3.063459    1.370846
     502    6.727804    3.063459    1.364149
     503    6.700683    3.063459    1.358783
     504    6.693177    3.063459    1.356660
     505    8.869520    3.146798    1.245889
     506    8.837287    3.146798    1.248384
     507    8.794049    3.146798    1.251727
     508    8.736726    3.146798    1.256150
     509    8.661907    3.146798    1.261910
     510    8.566219    3.146798    1.269256
     511    8.446978    3.146798    1.278379
     512    8.303105    3.146798    1.289339
     513    8.136111    3.146798    1.301984
     514    7.950767    3.146798    1.315892
     515    7.754989    3.146798    1.330382
     516    7.558726    3.146798    1.344589
     517    7.372111    3.146798    1.357637
     518    7.203562    3.146798    1.368796
     519    7.058551    3.146798    1.377433
     520    6.939374    3.146798    1.381238
     521    6.845778    3.146798    1.379357
     522    6.775992    3.146798    1.373752
     523    6.727957    3.146798    1.367055
     524    6.700835    3.146798    1.361690
     525    6.693329    3.146798    1.359566
     526    8.869672    3.230137    1.248795
     527    8.837439    3.230137    1.251291
     528    8.794201    3.230137    1.254633
     529    8.736878    3.230137    1.259056
     530    8.662060    3.230137    1.264816
     531    8.566371    3.230137    1.272162
     532    8.447130    3.230137    1.281285
     533    8.303257    3.230137    1.292245
     534    8.136264    3.230137    1.304890
     535    7.950919    3.230137    1.318799
     536    7.755142    3.230137    1.333288
     537    7.558879    3.230137    1.347495
     538    7.372263    3.230137    1.360544
     539    7.203715    3.230137    1.371702
     540    7.058703    3.230137    1.380339
     541    6.939527    3.230137    1.384144
     542    6.845931    3.230137    1.382263
     543    6.776145    3.230137    1.376658
     544    6.728109    3.230137    1.369962
     545    6.700988    3.230137    1.364596
     546    6.693481    3.230137    1.362472
     547    8.869824    3.313476    1.251702
     548    8.837592    3.313476    1.254197
     549    8.794353    3.313476    1.257539
     550    8.737031    3.313476    1.261962
     551    8.662212    3.313476    1.267722
     552    8.566524    3.313476    1.275069
     553    8.447283    3.313476    1.284192
     554    8.303409    3.313476    1.295151
     555    8.136416    3.313476    1.307796
     556    7.951072    3.313476    1.321705
     557    7.755294    3.313476    1.336194
     558    7.559031    3.313476    1.350401
     559    7.372415    3.313476    1.363450
     560    7.203867    3.313476    1.374608
     561    7.058855    3.313476    1.383245
     562    6.939679    3.313476    1.387051
     563    6.846083    3.313476    1.385170
     564    6.776297    3.313476    1.379564
     565    6.728261    3.313476    1.372868
     566    6.701140    3.313476    1.367502
     567    6.693634    3.313476    1.365378
     568    8.869977    3.396815    1.254608
     569    8.837744    3.396815    1.257103
     570    8.794506    3.396815    1.260446
     571    8.737183    3.396815    1.264869
     572    8.662364    3.396815    1.270629
     573    8.566676    3.396815    1.277975
     574    8.447435    3.396815    1.287098
     575    8.303562    3.396815    1.298058
     576    8.136568    3.396815    1.310703
     577    7.951224    3.396815    1.324611
     578    7.755446    3.396815    1.339101
     579    7.559183    3.396815    1.353308
     580    7.372568    3.396815    1.366356
     581    7.204019    3.396815    1.377514
     582    7.059008    3.396815    1.386151
     583    6.939831    3.396815    1.389957
     584    6.846235    3.396815    1.388076
     585    6.776449    3.396815    1.382471
     586    6.728414    3.396815    1.375774
     587    6.701292    3.396815    1.370409
     588    6.693786    3.396815    1.368285
     589    8.870129    3.480154    1.257514
     590    8.837896    3.480154    1.260010
     591    8.794658    3.480154    1.263352
     592    8.737335    3.480154    1.267775
     593    8.662517    3.480154    1.273535
     594    8.566828    3.480154    1.280881
     595    8.447587    3.480154    1.290004
     596    8.303714    3.480154    1.300964
     597    8.136721    3.480154    1.313609
     598    7.951376    3.480154    1.327517
     599    7.755598    3.480154    1.342007
     600    7.559336    3.480154    1.356214
     601    7.372720    3.480154    1.369262
     602    7.204172    3.480154    1.380421
     603    7.059160    3.480154    1.389058
     604    6.939984    3.480154    1.392863
     605    6.846388    3.480154    1.390982
     606    6.776602    3.480154    1.385377
     607    6.728566    3.480154    1.378680
     608    6.701444    3.480154    1.373315
     609    6.693938    3.480154    1.371191
     610    8.870281    3.563493    1.260421
     611    8.838049    3.563493    1.262916
     612    8.794810    3.563493    1.266258
     613    8.737488    3.563493    1.270681
     614    8.662669    3.563493    1.276441
     615    8.566981    3.563493    1.283787
     616    8.447739    3.563493    1.292910
     617    8.303866    3.563493    1.303870
     618    8.136873    3.563493    1.316515
     619    7.951529    3.563493    1.330424
     620    7.755751    3.563493    1.344913
     621    7.559488    3.563493    1.359120
     622    7.372872    3.563493    1.372169
     623    7.204324    3.563493    1.383327
     624    7.059312    3.563493    1.391964
     625    6.940136    3.563493    1.395769
     626    6.846540    3.563493    1.393888
     627    6.776754    3.563493    1.388283
     628    6.728718    3.563493    1.381587
     629    6.701597    3.563493    1.376221
     630    6.694091    3.563493    1.374097
     631    8.870434    3.646832    1.263327
     632    8.838201    3.646832    1.265822
     633    8.794963    3.646832    1.269164
     634    8.737640    3.646832    1.273588
     635    8.662821    3.646832    1.279348
     636    8.567133    3.646832    1.286694
     637    8.447892    3.646832    1.295817
     638    8.304019    3.646832    1.306777
     639    8.137025    3.646832    1.319422
     640    7.951681    3.646832    1.333330
     641    7.755903    3.646832    1.347819
     642    7.559640    3.646832    1.362026
     643    7.373025    3.646832    1.375075
     644    7.204476    3.646832    1.386233
     645    7.059465    3.646832    1.394870
     646    6.940288    3.646832    1.398676
     647    6.846692    3.646832    1.396795
     648    6.776906    3.646832    1.391189
     649    6.728871    3.646832    1.384493
     650    6.701749    3.646832    1.379127
     651    6.694243    3.646832    1.377003
     652    8.870586    3.730171    1.266233
     653    8.838353    3.730171    1.268728
     654    8.795115    3.730171    1.272071
     655    8.737792    3.730171    1.276494
     656    8.662973    3.730171    1.282254
     657    8.567285    3.730171    1.289600
     658    8.448044    3.730171    1.298723
     659    8.304171    3.730171    1.309683
     660    8.137178    3.730171    1.322328
     661    7.951833    3.730171    1.336236
     662    7.756055    3.730171    1.350726
     663    7.559792    3.730171    1.364933
     664    7.373177    3.730171    1.377981
     665    7.204629    3.730171    1.389140
     666    7.059617    3.730171    1.397777
     667    6.940441    3.730171    1.401582
     668    6.846844    3.730171    1.399701
     669    6.777059    3.730171    1.394096
     670    6.729023    3.730171    1.387399
     671    6.701901    3.730171    1.382034
     672    6.694395    3.730171    1.379910
     673    8.870738    3.813510    1.269139
     674    8.838506    3.813510    1.271635
     675    8.795267    3.813510    1.274977
     676    8.737945    3.813510    1.279400
     677    8.663126    3.813510    1.285160
     678    8.567437    3.813510    1.292506
     679    8.448196    3.813510    1.301629
     680    8.304323    3.813510    1.312589
     681    8.137330    3.813510    1.325234
     682    7.951986    3.813510    1.339143
     683    7.756208    3.813510    1.353632
     684    7.559945    3.813510    1.367839
     685    7.373329    3.813510    1.380887
     686    7.204781    3.813510    1.392046
     687    7.059769    3.813510    1.400683
     688    6.940593    3.813510    1.404488
     689    6.846997    3.813510    1.402607
     690    6.777211    3.813510    1.397002
     691    6.729175    3.813510    1.390305
     692    6.702054    3.813510    1.384940
     693    6.694548    3.813510    1.382816
     694    8.870891    3.896849    1.272046
     695    8.838658    3.896849    1.274541
     696    8.795420    3.896849    1.277883
     697    8.738097    3.896849    1.282306
     698    8.663278    3.896849    1.288066
     699    8.567590    3.896849    1.295413
     700    8.448349    3.896849    1.304536
     701    8.304476    3.896849    1.315495
     702    8.137482    3.896849    1.328140
     703    7.952138    3.896849    1.342049
     704    7.756360    3.896849    1.356538
     705    7.560097    3.896849    1.370745
     706    7.373482    3.896849    1.383794
     707    7.204933    3.896849    1.394952
     708    7.059922    3.896849    1.403589
     709    6.940745    3.896849    1.407395
     710    6.847149    3.896849    1.405513
     711    6.777363    3.896849    1.399908
     712    6.729328    3.896849    1.393212
     713    6.702206    3.896849    1.387846
     714    6.694700    3.896849    1.385722
     715    8.871043    3.980188    1.274952
     716    8.838810    3.980188    1.277447
     717    8.795572    3.980188    1.280790
     718    8.738249    3.980188    1.285213
     719    8.663430    3.980188    1.290973
     720    8.567742    3.980188    1.298319
     721    8.448501    3.980188    1.307442
     722    8.304628    3.980188    1.318402
     723    8.137634    3.980188    1.331047
     724    7.952290    3.980188    1.344955
     725    7.756512    3.980188    1.359445
     726    7.560249    3.980188    1.373652
     727    7.373634    3.980188    1.386700
     728    7.205086    3.980188    1.397858
     729    7.060074    3.980188    1.406495
     730    6.940898    3.980188    1.410301
     731    6.847301    3.980188    1.408420
     732    6.777516    3.980188    1.402815
     733    6.729480    3.980188    1.396118
     734    6.702358    3.980188    1.390752
     735    6.694852    3.980188    1.388629
     736    8.871195    4.063527    1.277858
     737    8.838962    4.063527    1.280353
     738    8.795724    4.063527    1.283696
     739    8.738402    4.063527    1.288119
     740    8.663583    4.063527    1.293879
     741    8.567894    4.063527    1.301225
     742    8.448653    4.063527    1.310348
     743    8.304780    4.063527    1.321308
     744    8.137787    4.063527    1.333953
     745    7.952443    4.063527    1.347861
     746    7.756665    4.063527    1.362351
     747    7.560402    4.063527    1.376558
     748    7.373786    4.063527    1.389606
     749    7.205238    4.063527    1.400765
     750    7.060226    4.063527    1.409402
     751    6.941050    4.063527    1.413207
     752    6.847454    4.063527    1.411326
     753    6.777668    4.063527    1.405721
     754    6.729632    4.063527    1.399024
     755    6.702511    4.063527    1.393659
     756    6.695004    4.063527    1.391535
     757    8.871348    4.146866    1.280765
     758    8.839115    4.146866    1.283260
     759    8.795877    4.146866    1.286602
     760    8.738554    4.146866    1.291025
     761    8.663735    4.146866    1.296785
     762    8.568047    4.146866    1.304131
     763    8.448806    4.146866    1.313254
     764    8.304933    4.146866    1.324214
     765    8.137939    4.146866    1.336859
     766    7.952595    4.146866    1.350768
     767    7.756817    4.146866    1.365257
     768    7.560554    4.146866    1.379464
     769    7.373939    4.146866    1.392513
     770    7.205390    4.146866    1.403671
     771    7.060379    4.146866    1.412308
     772    6.941202    4.146866    1.416113
     773    6.847606    4.146866    1.414232
     774    6.777820    4.146866    1.408627
     775    6.729785    4.146866    1.401931
     776    6.702663    4.146866    1.396565
     777    6.695157    4.146866    1.394441
     778    8.871500    4.230205    1.283671
     779    8.839267    4.230205    1.286166
     780    8.796029    4.230205    1.289508
     781    8.738706    4.230205    1.293931
     782    8.663887    4.230205    1.299691
     783    8.568199    4.230205    1.307038
     784    8.448958    4.230205    1.316161
     785    8.305085    4.230205    1.327121
     786    8.138091    4.230205    1.339765
     787    7.952747    4.230205    1.353674
     788    7.756969    4.230205    1.368163
     789    7.560706    4.230205    1.382370
     790    7.374091    4.230205    1.395419
     791    7.205542    4.230205    1.406577
     792    7.060531    4.230205    1.415214
     793    6.941355    4.230205    1.419020
     794    6.847758    4.230205    1.417139
     795    6.777973    4.230205    1.411533
     796    6.729937    4.230205    1.404837
     797    6.702815    4.230205    1.399471
     798    6.695309    4.230205    1.397347
     799    8.871652    4.313544    1.286577
     800    8.839419    4.313544    1.289072
     801    8.796181    4.313544    1.292415
     802    8.738858    4.313544    1.296838
     803    8.664040    4.313544    1.302598
     804    8.568351    4.313544    1.309944
     805    8.449110    4.313544    1.319067
     806    8.305237    4.313544    1.330027
     807    8.138244    4.313544    1.342672
     808    7.952900    4.313544    1.356580
     809    7.757122    4.313544    1.371070
     810    7.560859    4.313544    1.385277
     811    7.374243    4.313544    1.398325
     812    7.205695    4.313544    1.409484
     813    7.060683    4.313544    1.418120
     814    6.941507    4.313544    1.421926
     815    6.847911    4.313544    1.420045
     816    6.778125    4.313544    1.414440
     817    6.730089    4.313544    1.407743
     818    6.702968    4.313544    1.402378
     819    6.695461    4.313544    1.400254
     820    8.871804    4.396883    1.289483
     821    8.839572    4.396883    1.291979
     822    8.796334    4.396883    1.295321
     823    8.739011    4.396883    1.299744
     824    8.664192    4.396883    1.305504
     825    8.568504    4.396883    1.312850
     826    8.449263    4.396883    1.321973
     827    8.305390    4.396883    1.332933
     828    8.138396    4.396883    1.345578
     829    7.953052    4.396883    1.359486
     830    7.757274    4.396883    1.373976
     831    7.561011    4.396883    1.388183
     832    7.374396    4.396883    1.401231
     833    7.205847    4.396883    1.412390
     834    7.060836    4.396883    1.421027
     835    6.941659    4.396883    1.424832
     836    6.848063    4.396883    1.422951
     837    6.778277    4.396883    1.417346
     838    6.730241    4.396883    1.410649
     839    6.703120    4.396883    1.405284
     840    6.695614    4.396883    1.403160
     841    8.871957    4.480222    1.292390
     842    8.839724    4.480222    1.294885
     843    8.796486    4.480222    1.298227
     844    8.739163    4.480222    1.302650
     845    8.664344    4.480222    1.308410
     846    8.568656    4.480222    1.315756
     847    8.449415    4.480222    1.324879
     848    8.305542    4.480222    1.335839
     849    8.138548    4.480222    1.348484
     850    7.953204    4.480222    1.362393
     851    7.757426    4.480222    1.376882
     852    7.561163    4.480222    1.391089
     853    7.374548    4.480222    1.404138
     854    7.205999    4.480222    1.415296
     855    7.060988    4.480222    1.423933
     856    6.941811    4.480222    1.427739
     857    6.848215    4.480222    1.425857
     858    6.778429    4.480222    1.420252
     859    6.730394    4.480222    1.413556
     860    6.703272    4.480222    1.408190
     861    6.695766    4.480222    1.406066
     862    8.872109    4.563561    1.295296
     863    8.839876    4.563561    1.297791
     864    8.796638    4.563561    1.301133
     865    8.739315    4.563561    1.305557
     866    8.664497    4.563561    1.311317
     867    8.568808    4.563561    1.318663
     868    8.449567    4.563561    1.327786
     869    8.305694    4.563561    1.338746
     870    8.138701    4.563561    1.351391
     871    7.953356    4.563561    1.365299
     872    7.757579    4.563561    1.379788
     873    7.561316    4.563561    1.393995
     874    7.374700    4.563561    1.407044
     875    7.206152    4.563561    1.418202
     876    7.061140    4.563561    1.426839
     877    6.941964    4.563561    1.430645
     878    6.848368    4.563561    1.428764
     879    6.778582    4.563561    1.423158
     880    6.730546    4.563561    1.416462
     881    6.703425    4.563561    1.411096
     882    6.695918    4.563561    1.408972
     883    8.872261    4.646900    1.298202
     884    8.840029    4.646900    1.300697
     885    8.796790    4.646900    1.304040
     886    8.739468    4.646900    1.308463
     887    8.664649    4.646900    1.314223
     888    8.568961    4.646900    1.321569
     889    8.449720    4.646900    1.330692
     890    8.305846    4.646900    1.341652
     891    8.138853    4.646900    1.354297
     892    7.953509    4.646900    1.368205
     893    7.757731    4.646900    1.382695
     894    7.561468    4.646900    1.396902
     895    7.374852    4.646900    1.409950
     896    7.206304    4.646900    1.421109
     897    7.061292    4.646900    1.429746
     898    6.942116    4.646900    1.433551
     899    6.848520    4.646900    1.431670
     900    6.778734    4.646900    1.426065
     901    6.730698    4.646900    1.419368
     902    6.703577    4.646900    1.414003
     903    6.696071    4.646900    1.411879
     904    8.872414    4.730239    1.301108
     905    8.840181    4.730239    1.303604
     906    8.796943    4.730239    1.306946
     907    8.739620    4.730239    1.311369
     908    8.664801    4.730239    1.317129
     909    8.569113    4.730239    1.324475
     910    8.449872    4.730239    1.333598
     911    8.305999    4.730239    1.344558
     912    8.139005    4.730239    1.357203
     913    7.953661    4.730239    1.371112
     914    7.757883    4.730239    1.385601
     915    7.561620    4.730239    1.399808
     916    7.375005    4.730239    1.412856
     917    7.206456    4.730239    1.424015
     918    7.061445    4.730239    1.432652
     919    6.942268    4.730239    1.436457
     920    6.848672    4.730239    1.434576
     921    6.778886    4.730239    1.428971
     922    6.730851    4.730239    1.422274
     923    6.703729    4.730239    1.416909
     924    6.696223    4.730239    1.414785
     925    8.872566    4.813578    1.304015
     926    8.840333    4.813578    1.306510
     927    8.797095    4.813578    1.309852
     928    8.739772    4.813578    1.314275
     929    8.664954    4.813578    1.320035
     930    8.569265    4.813578    1.327382
     931    8.450024    4.813578    1.336505
     932    8.306151    4.813578    1.347464
     933    8.139158    4.813578    1.360109
     934    7.953813    4.813578    1.374018
     935    7.758035    4.813578    1.388507
     936    7.561773    4.813578    1.402714
     937    7.375157    4.813578    1.415763
     938    7.206609    4.813578    1.426921
     939    7.061597    4.813578    1.435558
     940    6.942421    4.813578    1.439364
     941    6.848825    4.813578    1.437482
     942    6.779039    4.813578    1.431877
     943    6.731003    4.813578    1.425181
     944    6.703881    4.813578    1.419815
     945    6.696375    4.813578    1.417691
     946    8.872718    4.896917    1.306921
     947    8.840486    4.896917    1.309416
     948    8.797247    4.896917    1.312759
     949    8.739925    4.896917    1.317182
     950    8.665106    4.896917    1.322942
     951    8.569418    4.896917    1.330288
     952    8.450176    4.896917    1.339411
     953    8.306303    4.896917    1.350371
     954    8.139310    4.896917    1.363016
     955    7.953966    4.896917    1.376924
     956    7.758188    4.896917    1.391414
     957    7.561925    4.896917    1.405621
     958    7.375309    4.896917    1.418669
     959    7.206761    4.896917    1.429827
     960    7.061749    4.896917    1.438464
     961    6.942573    4.896917    1.442270
     962    6.848977    4.896917    1.440389
     963    6.779191    4.896917    1.434784
     964    6.731155    4.896917    1.428087
     965    6.704034    4.896917    1.422721
     966    6.696528    4.896917    1.420598
     967    8.872871    4.980256    1.309827
     968    8.840638    4.980256    1.312322
     969    8.797400    4.980256    1.315665
     970    8.740077    4.980256    1.320088
     971    8.665258    4.980256    1.325848
     972    8.569570    4.980256    1.333194
     973    8.450329    4.980256    1.342317
     974    8.306456    4.980256    1.353277
     975    8.139462    4.980256    1.365922
     976    7.954118    4.980256    1.379830
     977    7.758340    4.980256    1.394320
     978    7.562077    4.980256    1.408527
     979    7.375462    4.980256    1.421575
     980    7.206913    4.980256    1.432734
     981    7.061902    4.980256    1.441371
     982    6.942725    4.980256    1.445176
     983    6.849129    4.980256    1.443295
     984    6.779343    4.980256    1.437690
     985    6.731308    4.980256    1.430993
     986    6.704186    4.980256    1.425628
     987    6.696680    4.980256    1.423504
     988    8.873023    5.063595    1.312734
     989    8.840790    5.063595    1.315229
     990    8.797552    5.063595    1.318571
     991    8.740229    5.063595    1.322994
     992    8.665410    5.063595    1.328754
     993    8.569722    5.063595    1.336100
     994    8.450481    5.063595    1.345223
     995    8.306608    5.063595    1.356183
     996    8.139615    5.063595    1.368828
     997    7.954270    5.063595    1.382737
     998    7.758492    5.063595    1.397226
     999    7.562229    5.063595    1.411433
    1000    7.375614    5.063595    1.424482
    1001    7.207066    5.063595    1.435640
    1002    7.062054    5.063595    1.444277
    1003    6.942878    5.063595    1.448082
    1004    6.849281    5.063595    1.446201
    1005    6.779496    5.063595    1.440596
    1006    6.731460    5.063595    1.433900
    1007    6.704338    5.063595    1.428534
    1008    6.696832    5.063595    1.426410
    1009    8.873175    5.146934    1.315640
    1010    8.840943    5.146934    1.318135
    1011    8.797704    5.146934    1.321477
    1012    8.740382    5.146934    1.325900
    1013    8.665563    5.146934    1.331660
    1014    8.569874    5.146934    1.339007
    1015    8.450633    5.146934    1.348130
    1016    8.306760    5.146934    1.359090
    1017    8.139767    5.146934    1.371734
    1018    7.954423    5.146934    1.385643
    1019    7.758645    5.146934    1.400132
    1020    7.562382    5.146934    1.414339
    1021    7.375766    5.146934    1.427388
    1022    7.207218    5.146934    1.438546
    1023    7.062206    5.146934    1.447183
    1024    6.943030    5.146934    1.450989
    1025    6.849434    5.146934    1.449108
    1026    6.779648    5.146934    1.443502
    1027    6.731612    5.146934    1.436806
    1028    6.704491    5.146934    1.431440
    1029    6.696985    5.146934    1.429316
    1030    8.873328    5.230274    1.318546
    1031    8.841095    5.230274    1.321041
    1032    8.797857    5.230274    1.324384
    1033    8.740534    5.230274    1.328807
    1034    8.665715    5.230274    1.334567
    1035    8.570027    5.230274    1.341913
    1036    8.450786    5.230274    1.351036
    1037    8.306913    5.230274    1.361996
    1038    8.139919    5.230274    1.374641
    1039    7.954575    5.230274    1.388549
    1040    7.758797    5.230274    1.403039
    1041    7.562534    5.230274    1.417246
    1042    7.375919    5.230274    1.430294
    1043    7.207370    5.230274    1.441453
    1044    7.062359    5.230274    1.450090
    1045    6.943182    5.230274    1.453895
    1046    6.849586    5.230274    1.452014
    1047    6.779800    5.230274    1.446409
    1048    6.731765    5.230274    1.439712
    1049    6.704643    5.230274    1.434347
    1050    6.697137    5.230274    1.432223
    1051    8.873480    5.313613    1.321452
    1052    8.841247    5.313613    1.323948
    1053    8.798009    5.313613    1.327290
    1054    8.740686    5.313613    1.331713
    1055    8.665867    5.313613    1.337473
    1056    8.570179    5.313613    1.344819
    1057    8.450938    5.313613    1.353942
    1058    8.307065    5.313613    1.364902
    1059    8.140071    5.313613    1.377547
    1060    7.954727    5.313613    1.391456
    1061    7.758949    5.313613    1.405945
    1062    7.562686    5.313613    1.420152
    1063    7.376071    5.313613    1.433200
    1064    7.207523    5.313613    1.444359
    1065    7.062511    5.313613    1.452996
    1066    6.943335    5.313613    1.456801
    1067    6.849738    5.313613    1.454920
    1068    6.779953    5.313613    1.449315
    1069    6.731917    5.313613    1.442618
    1070    6.704795    5.313613    1.437253
    1071    6.697289    5.313613    1.435129
    1072    8.873632    5.396952    1.324359
    1073    8.841399    5.396952    1.326854
    1074    8.798161    5.396952    1.330196
    1075    8.740839    5.396952    1.334619
    1076    8.666020    5.396952    1.340379
    1077    8.570331    5.396952    1.347725
    1078    8.451090    5.396952    1.356849
    1079    8.307217    5.396952    1.367808
    1080    8.140224    5.396952    1.380453
    1081    7.954880    5.396952    1.394362
    1082    7.759102    5.396952    1.408851
    1083    7.562839    5.396952    1.423058
    1084    7.376223    5.396952    1.436107
    1085    7.207675    5.396952    1.447265
    1086    7.062663    5.396952    1.455902
    1087    6.943487    5.396952    1.459708
    1088    6.849891    5.396952    1.457826
    1089    6.780105    5.396952    1.452221
    1090    6.732069    5.396952    1.445525
    1091    6.704948    5.396952    1.440159
    1092    6.697441    5.396952    1.438035
    1093    8.873785    5.480291    1.327265
    1094    8.841552    5.480291    1.329760
    1095    8.798314    5.480291    1.333103
    1096    8.740991    5.480291    1.337526
    1097    8.666172    5.480291    1.343286
    1098    8.570484    5.480291    1.350632
    1099    8.451243    5.480291    1.359755
    1100    8.307370    5.480291    1.370715
    1101    8.140376    5.480291    1.383360
    1102    7.955032    5.480291    1.397268
    1103    7.759254    5.480291    1.411758
    1104    7.562991    5.480291    1.425964
    1105    7.376376    5.480291    1.439013
    1106    7.207827    5.480291    1.450171
    1107    7.062816    5.480291    1.458808
    1108    6.943639    5.480291    1.462614
    1109    6.850043    5.480291    1.460733
    1110    6.780257    5.480291    1.455127
    1111    6.732221    5.480291    1.448431
    1112    6.705100    5.480291    1.443065
    1113    6.697594    5.480291    1.440941
    1114    8.873937    5.563630    1.330171
    1115    8.841704    5.563630    1.332666
    1116    8.798466    5.563630    1.336009
    1117    8.741143    5.563630    1.340432
    1118    8.666324    5.563630    1.346192
    1119    8.570636    5.563630    1.353538
    1120    8.451395    5.563630    1.362661
    1121    8.307522    5.563630    1.373621
    1122    8.140528    5.563630    1.386266
    1123    7.955184    5.563630    1.400174
    1124    7.759406    5.563630    1.414664
    1125    7.563143    5.563630    1.428871
    1126    7.376528    5.563630    1.441919
    1127    7.207979    5.563630    1.453078
    1128    7.062968    5.563630    1.461715
    1129    6.943791    5.563630    1.465520
    1130    6.850195    5.563630    1.463639
    1131    6.780410    5.563630    1.458034
    1132    6.732374    5.563630    1.451337
    1133    6.705252    5.563630    1.445972
    1134    6.697746    5.563630    1.443848
    1135    8.874089    5.646969    1.333077
    1136    8.841856    5.646969    1.335573
    1137    8.798618    5.646969    1.338915
    1138    8.741295    5.646969    1.343338
    1139    8.666477    5.646969    1.349098
    1140    8.570788    5.646969    1.356444
    1141    8.451547    5.646969    1.365567
    1142    8.307674    5.646969    1.376527
    1143    8.140681    5.646969    1.389172
    1144    7.955336    5.646969    1.403081
    1145    7.759559    5.646969    1.417570
    1146    7.563296    5.646969    1.431777
    1147    7.376680    5.646969    1.444826
    1148    7.208132    5.646969    1.455984
    1149    7.063120    5.646969    1.464621
    1150    6.943944    5.646969    1.468426
    1151    6.850348    5.646969    1.466545
    1152    6.780562    5.646969    1.460940
    1153    6.732526    5.646969    1.454244
    1154    6.705405    5.646969    1.448878
    1155    6.697898    5.646969    1.446754
    1156    8.874241    5.730308    1.335984
    1157    8.842009    5.730308    1.338479
    1158    8.798771    5.730308    1.341821
    1159    8.741448    5.730308    1.346244
    1160    8.666629    5.730308    1.352004
    1161    8.570941    5.730308    1.359351
    1162    8.451700    5.730308    1.368474
    1163    8.307827    5.730308    1.379433
    1164    8.140833    5.730308    1.392078
    1165    7.955489    5.730308    1.405987
    1166    7.759711    5.730308    1.420476
    1167    7.563448    5.730308    1.434683
    1168    7.376832    5.730308    1.447732
    1169    7.208284    5.730308    1.458890
    1170    7.063273    5.730308    1.467527
    1171    6.944096    5.730308    1.471333
    1172    6.850500    5.730308    1.469452
    1173    6.780714    5.730308    1.463846
    1174    6.732678    5.730308    1.457150
    1175    6.705557    5.730308    1.451784
    1176    6.698051    5.730308    1.449660
    1177    8.874394    5.813647    1.338890
    1178    8.842161    5.813647    1.341385
    1179    8.798923    5.813647    1.344728
    1180    8.741600    5.813647    1.349151
    1181    8.666781    5.813647    1.354911
    1182    8.571093    5.813647    1.362257
    1183    8.451852    5.813647    1.371380
    1184    8.307979    5.813647    1.382340
    1185    8.140985    5.813647    1.394985
    1186    7.955641    5.813647    1.408893
    1187    7.759863    5.813647    1.423383
    1188    7.563600    5.813647    1.437590
    1189    7.376985    5.813647    1.450638
    1190    7.208436    5.813647    1.461796
    1191    7.063425    5.813647    1.470433
    1192    6.944248    5.813647    1.474239
    1193    6.850652    5.813647    1.472358
    1194    6.780866    5.813647    1.466753
    1195    6.732831    5.813647    1.460056
    1196    6.705709    5.813647    1.454690
    1197    6.698203    5.813647    1.452567
    1198    8.874546    5.896986    1.341796
    1199    8.842313    5.896986    1.344292
    1200    8.799075    5.896986    1.347634
    1201    8.741752    5.896986    1.352057
    1202    8.666934    5.896986    1.357817
    1203    8.571245    5.896986    1.365163
    1204    8.452004    5.896986    1.374286
    1205    8.308131    5.896986    1.385246
    1206    8.141138    5.896986    1.397891
    1207    7.955793    5.896986    1.411799
    1208    7.760016    5.896986    1.426289
    1209    7.563753    5.896986    1.440496
    1210    7.377137    5.896986    1.453544
    1211    7.208589    5.896986    1.464703
    1212    7.063577    5.896986    1.473340
    1213    6.944401    5.896986    1.477145
    1214    6.850805    5.896986    1.475264
    1215    6.781019    5.896986    1.469659
    1216    6.732983    5.896986    1.462962
    1217    6.705861    5.896986    1.457597
    1218    6.698355    5.896986    1.455473
    1219    8.874698    5.980325    1.344703
    1220    8.842466    5.980325    1.347198
    1221    8.799227    5.980325    1.350540
    1222    8.741905    5.980325    1.354963
    1223    8.667086    5.980325    1.360723
    1224    8.571398    5.980325    1.368069
    1225    8.452157    5.980325    1.377192
    1226    8.308283    5.980325    1.388152
    1227    8.141290    5.980325    1.400797
    1228    7.955946    5.980325    1.414706
    1229    7.760168    5.980325    1.429195
    1230    7.563905    5.980325    1.443402
    1231    7.377289    5.980325    1.456451
    1232    7.208741    5.980325    1.467609
    1233    7.063729    5.980325    1.476246
    1234    6.944553    5.980325    1.480051
    1235    6.850957    5.980325    1.478170
    1236    6.781171    5.980325    1.472565
    1237    6.733135    5.980325    1.465869
    1238    6.706014    5.980325    1.460503
    1239    6.698508    5.980325    1.458379
    1240    8.874851    6.063664    1.347609
    1241    8.842618    6.063664    1.350104
    1242    8.799380    6.063664    1.353446
    1243    8.742057    6.063664    1.357870
    1244    8.667238    6.063664    1.363629
    1245    8.571550    6.063664    1.370976
    1246    8.452309    6.063664    1.380099
    1247    8.308436    6.063664    1.391059
    1248    8.141442    6.063664    1.403703
    1249    7.956098    6.063664    1.417612
    1250    7.760320    6.063664    1.432101
    1251    7.564057    6.063664    1.446308
    1252    7.377442    6.063664    1.459357
    1253    7.208893    6.063664    1.470515
    1254    7.063882    6.063664    1.479152
    1255    6.944705    6.063664    1.482958
    1256    6.851109    6.063664    1.481077
    1257    6.781323    6.063664    1.475471
    1258    6.733288    6.063664    1.468775
    1259    6.706166    6.063664    1.463409
    1260    6.698660    6.063664    1.461285
    1261    8.875003    6.147003    1.350515
    1262    8.842770    6.147003    1.353010
    1263    8.799532    6.147003    1.356353
    1264    8.742209    6.147003    1.360776
    1265    8.667391    6.147003    1.366536
    1266    8.571702    6.147003    1.373882
    1267    8.452461    6.147003    1.383005
    1268    8.308588    6.147003    1.393965
    1269    8.141595    6.147003    1.406610
    1270    7.956250    6.147003    1.420518
    1271    7.760472    6.147003    1.435008
    1272    7.564209    6.147003    1.449215
    1273    7.377594    6.147003    1.462263
    1274    7.209046    6.147003    1.473422
    1275    7.064034    6.147003    1.482059
    1276    6.944858    6.147003    1.485864
    1277    6.851261    6.147003    1.483983
    1278    6.781476    6.147003    1.478378
    1279    6.733440    6.147003    1.471681
    1280    6.706318    6.147003    1.466316
    1281    6.698812    6.147003    1.464192
    1282    8.855805    6.252067    1.355151
    1283    8.823909    6.252067    1.357603
    1284    8.781122    6.252067    1.360888
    1285    8.724398    6.252067    1.365234
    1286    8.650360    6.252067    1.370894
    1287    8.555671    6.252067    1.378112
    1288    8.437676    6.252067    1.387077
    1289    8.295305    6.252067    1.397845
    1290    8.130056    6.252067    1.410269
    1291    7.946648    6.252067    1.423934
    1292    7.752916    6.252067    1.438167
    1293    7.558704    6.252067    1.452121
    1294    7.374039    6.252067    1.464934
    1295    7.207253    6.252067    1.475886
    1296    7.063759    6.252067    1.484355
    1297    6.945832    6.252067    1.488054
    1298    6.853220    6.252067    1.486141
    1299    6.784172    6.252067    1.480557
    1300    6.736646    6.252067    1.473906
    1301    6.709815    6.252067    1.468584
    1302    6.702390    6.252067    1.466480
    1303    8.836607    6.357131    1.359787
    1304    8.805047    6.357131    1.362196
    1305    8.762712    6.357131    1.365423
    1306    8.706586    6.357131    1.369692
    1307    8.633330    6.357131    1.375252
    1308    8.539640    6.357131    1.382343
    1309    8.422890    6.357131    1.391148
    1310    8.282022    6.357131    1.401726
    1311    8.118518    6.357131    1.413929
    1312    7.937046    6.357131    1.427349
    1313    7.745359    6.357131    1.441327
    1314    7.553198    6.357131    1.455028
    1315    7.370484    6.357131    1.467605
    1316    7.205460    6.357131    1.478350
    1317    7.063483    6.357131    1.486651
    1318    6.946806    6.357131    1.490245
    1319    6.855179    6.357131    1.488299
    1320    6.786868    6.357131    1.482736
    1321    6.739852    6.357131    1.476131
    1322    6.713311    6.357131    1.470853
    1323    6.705967    6.357131    1.468768
    1324    8.817409    6.462195    1.364423
    1325    8.786186    6.462195    1.366789
    1326    8.744302    6.462195    1.369957
    1327    8.688775    6.462195    1.374150
    1328    8.616300    6.462195    1.379610
    1329    8.523609    6.462195    1.386573
    1330    8.408104    6.462195    1.395220
    1331    8.268740    6.462195    1.405606
    1332    8.106979    6.462195    1.417588
    1333    7.927444    6.462195    1.430764
    1334    7.737802    6.462195    1.444487
    1335    7.547692    6.462195    1.457935
    1336    7.366928    6.462195    1.470275
    1337    7.203667    6.462195    1.480815
    1338    7.063208    6.462195    1.488947
    1339    6.947780    6.462195    1.492435
    1340    6.857138    6.462195    1.490457
    1341    6.789564    6.462195    1.484915
    1342    6.743059    6.462195    1.478356
    1343    6.716808    6.462195    1.473122
    1344    6.709544    6.462195    1.471056
    1345    8.798211    6.567260    1.369060
    1346    8.767324    6.567260    1.371382
    1347    8.725892    6.567260    1.374492
    1348    8.670963    6.567260    1.378608
    1349    8.599269    6.567260    1.383968
    1350    8.507578    6.567260    1.390804
    1351    8.393319    6.567260    1.399291
    1352    8.255457    6.567260    1.409487
    1353    8.095441    6.567260    1.421248
    1354    7.917842    6.567260    1.434180
    1355    7.730246    6.567260    1.447647
    1356    7.542186    6.567260    1.460841
    1357    7.363373    6.567260    1.472946
    1358    7.201874    6.567260    1.483279
    1359    7.062932    6.567260    1.491243
    1360    6.948754    6.567260    1.494625
    1361    6.859096    6.567260    1.492616
    1362    6.792260    6.567260    1.487095
    1363    6.746265    6.567260    1.480581
    1364    6.720304    6.567260    1.475391
    1365    6.713122    6.567260    1.473345
    1366    8.779013    6.672324    1.373696
    1367    8.748462    6.672324    1.375975
    1368    8.707481    6.672324    1.379027
    1369    8.653151    6.672324    1.383067
    1370    8.582239    6.672324    1.388326
    1371    8.491547    6.672324    1.395034
    1372    8.378533    6.672324    1.403363
    1373    8.242174    6.672324    1.413367
    1374    8.083903    6.672324    1.424907
    1375    7.908240    6.672324    1.437595
    1376    7.722689    6.672324    1.450806
    1377    7.536680    6.672324    1.463748
    1378    7.359818    6.672324    1.475617
    1379    7.200082    6.672324    1.485743
    1380    7.062657    6.672324    1.493539
    1381    6.949728    6.672324    1.496816
    1382    6.861055    6.672324    1.494774
    1383    6.794956    6.672324    1.489274
    1384    6.749471    6.672324    1.482806
    1385    6.723800    6.672324    1.477660
    1386    6.716699    6.672324    1.475633
    1387    8.759815    6.777388    1.378332
    1388    8.729601    6.777388    1.380568
    1389    8.689071    6.777388    1.383562
    1390    8.635340    6.777388    1.387525
    1391    8.565209    6.777388    1.392685
    1392    8.475516    6.777388    1.399265
    1393    8.363748    6.777388    1.407435
    1394    8.228891    6.777388    1.417248
    1395    8.072364    6.777388    1.428566
    1396    7.898638    6.777388    1.441011
    1397    7.715132    6.777388    1.453966
    1398    7.531175    6.777388    1.466654
    1399    7.356262    6.777388    1.478288
    1400    7.198289    6.777388    1.488207
    1401    7.062382    6.777388    1.495835
    1402    6.950702    6.777388    1.499006
    1403    6.863014    6.777388    1.496932
    1404    6.797652    6.777388    1.491453
    1405    6.752677    6.777388    1.485031
    1406    6.727297    6.777388    1.479929
    1407    6.720276    6.777388    1.477921
    1408    8.740616    6.882452    1.382968
    1409    8.710739    6.882452    1.385160
    1410    8.670661    6.882452    1.388097
    1411    8.617528    6.882452    1.391983
    1412    8.548178    6.882452    1.397043
    1413    8.459485    6.882452    1.403495
    1414    8.348962    6.882452    1.411506
    1415    8.215609    6.882452    1.421128
    1416    8.060826    6.882452    1.432226
    1417    7.889036    6.882452    1.444426
    1418    7.707576    6.882452    1.457126
    1419    7.525669    6.882452    1.469561
    1420    7.352707    6.882452    1.480959
    1421    7.196496    6.882452    1.490672
    1422    7.062106    6.882452    1.498131
    1423    6.951676    6.882452    1.501196
    1424    6.864973    6.882452    1.499090
    1425    6.800348    6.882452    1.493632
    1426    6.755883    6.882452    1.487255
    1427    6.730793    6.882452    1.482197
    1428    6.723854    6.882452    1.480210
    1429    8.721418    6.987516    1.387604
    1430    8.691878    6.987516    1.389753
    1431    8.652251    6.987516    1.392632
    1432    8.599717    6.987516    1.396441
    1433    8.531148    6.987516    1.401401
    1434    8.443454    6.987516    1.407725
    1435    8.334176    6.987516    1.415578
    1436    8.202326    6.987516    1.425009
    1437    8.049288    6.987516    1.435885
    1438    7.879433    6.987516    1.447842
    1439    7.700019    6.987516    1.460285
    1440    7.520163    6.987516    1.472468
    1441    7.349152    6.987516    1.483629
    1442    7.194703    6.987516    1.493136
    1443    7.061831    6.987516    1.500427
    1444    6.952650    6.987516    1.503387
    1445    6.866931    6.987516    1.501248
    1446    6.803044    6.987516    1.495812
    1447    6.759089    6.987516    1.489480
    1448    6.734289    6.987516    1.484466
    1449    6.727431    6.987516    1.482498
    1450    8.702220    7.092580    1.392240
    1451    8.673016    7.092580    1.394346
    1452    8.633841    7.092580    1.397167
    1453    8.581905    7.092580    1.400899
    1454    8.514118    7.092580    1.405759
    1455    8.427423    7.092580    1.411956
    1456    8.319391    7.092580    1.419650
    1457    8.189043    7.092580    1.428889
    1458    8.037749    7.092580    1.439545
    1459    7.869831    7.092580    1.451257
    1460    7.692463    7.092580    1.463445
    1461    7.514657    7.092580    1.475374
    1462    7.345597    7.092580    1.486300
    1463    7.192910    7.092580    1.495600
    1464    7.061555    7.092580    1.502723
    1465    6.953624    7.092580    1.505577
    1466    6.868890    7.092580    1.503407
    1467    6.805740    7.092580    1.497991
    1468    6.762296    7.092580    1.491705
    1469    6.737786    7.092580    1.486735
    1470    6.731008    7.092580    1.484786
    1471    8.683022    7.197645    1.396876
    1472    8.654155    7.197645    1.398939
    1473    8.615431    7.197645    1.401702
    1474    8.564093    7.197645    1.405358
    1475    8.497088    7.197645    1.410117
    1476    8.411392    7.197645    1.416186
    1477    8.304605    7.197645    1.423721
    1478    8.175760    7.197645    1.432770
    1479    8.026211    7.197645    1.443204
    1480    7.860229    7.197645    1.454672
    1481    7.684906    7.197645    1.466605
    1482    7.509151    7.197645    1.478281
    1483    7.342041    7.197645    1.488971
    1484    7.191117    7.197645    1.498065
    1485    7.061280    7.197645    1.505020
    1486    6.954599    7.197645    1.507767
    1487    6.870849    7.197645    1.505565
    1488    6.808436    7.197645    1.500170
    1489    6.765502    7.197645    1.493930
    1490    6.741282    7.197645    1.489004
    1491    6.734585    7.197645    1.487074
    1492    8.663824    7.302709    1.401512
    1493    8.635293    7.302709    1.403532
    1494    8.597021    7.302709    1.406237
    1495    8.546282    7.302709    1.409816
    1496    8.480057    7.302709    1.414475
    1497    8.395361    7.302709    1.420417
    1498    8.289820    7.302709    1.427793
    1499    8.162477    7.302709    1.436650
    1500    8.014673    7.302709    1.446864
    1501    7.850627    7.302709    1.458088
    1502    7.677349    7.302709    1.469764
    1503    7.503646    7.302709    1.481188
    1504    7.338486    7.302709    1.491642
    1505    7.189325    7.302709    1.500529
    1506    7.061005    7.302709    1.507316
    1507    6.955573    7.302709    1.509958
    1508    6.872808    7.302709    1.507723
    1509    6.811132    7.302709    1.502349
    1510    6.768708    7.302709    1.496155
    1511    6.744778    7.302709    1.491273
    1512    6.738163    7.302709    1.489363
    1513    8.644626    7.407773    1.406148
    1514    8.616431    7.407773    1.408125
    1515    8.578610    7.407773    1.410772
    1516    8.528470    7.407773    1.414274
    1517    8.463027    7.407773    1.418834
    1518    8.379330    7.407773    1.424647
    1519    8.275034    7.407773    1.431865
    1520    8.149195    7.407773    1.440531
    1521    8.003134    7.407773    1.450523
    1522    7.841025    7.407773    1.461503
    1523    7.669793    7.407773    1.472924
    1524    7.498140    7.407773    1.484094
    1525    7.334931    7.407773    1.494312
    1526    7.187532    7.407773    1.502993
    1527    7.060729    7.407773    1.509612
    1528    6.956547    7.407773    1.512148
    1529    6.874766    7.407773    1.509881
    1530    6.813828    7.407773    1.504529
    1531    6.771914    7.407773    1.498380
    1532    6.748275    7.407773    1.493542
    1533    6.741740    7.407773    1.491651
    1534    8.625428    7.512837    1.410785
    1535    8.597570    7.512837    1.412718
    1536    8.560200    7.512837    1.415307
    1537    8.510659    7.512837    1.418732
    1538    8.445997    7.512837    1.423192
    1539    8.363299    7.512837    1.428878
    1540    8.260249    7.512837    1.435936
    1541    8.135912    7.512837    1.444411
    1542    7.991596    7.512837    1.454182
    1543    7.831423    7.512837    1.464919
    1544    7.662236    7.512837    1.476084
    1545    7.492634    7.512837    1.487001
    1546    7.331376    7.512837    1.496983
    1547    7.185739    7.512837    1.505458
    1548    7.060454    7.512837    1.511908
    1549    6.957521    7.512837    1.514338
    1550    6.876725    7.512837    1.512039
    1551    6.816524    7.512837    1.506708
    1552    6.775120    7.512837    1.500605
    1553    6.751771    7.512837    1.495810
    1554    6.745317    7.512837    1.493939
    1555    8.606230    7.617901    1.415421
    1556    8.578708    7.617901    1.417310
    1557    8.541790    7.617901    1.419842
    1558    8.492847    7.617901    1.423190
    1559    8.428966    7.617901    1.427550
    1560    8.347268    7.617901    1.433108
    1561    8.245463    7.617901    1.440008
    1562    8.122629    7.617901    1.448292
    1563    7.980057    7.617901    1.457842
    1564    7.821821    7.617901    1.468334
    1565    7.654679    7.617901    1.479243
    1566    7.487128    7.617901    1.489908
    1567    7.327820    7.617901    1.499654
    1568    7.183946    7.617901    1.507922
    1569    7.060178    7.617901    1.514204
    1570    6.958495    7.617901    1.516529
    1571    6.878684    7.617901    1.514198
    1572    6.819220    7.617901    1.508887
    1573    6.778327    7.617901    1.502830
    1574    6.755267    7.617901    1.498079
    1575    6.748895    7.617901    1.496227
    1576    8.587032    7.722965    1.420057
    1577    8.559847    7.722965    1.421903
    1578    8.523380    7.722965    1.424376
    1579    8.475035    7.722965    1.427648
    1580    8.411936    7.722965    1.431908
    1581    8.331237    7.722965    1.437339
    1582    8.230677    7.722965    1.444079
    1583    8.109346    7.722965    1.452172
    1584    7.968519    7.722965    1.461501
    1585    7.812219    7.722965    1.471749
    1586    7.647123    7.722965    1.482403
    1587    7.481622    7.722965    1.492814
    1588    7.324265    7.722965    1.502325
    1589    7.182153    7.722965    1.510386
    1590    7.059903    7.722965    1.516500
    1591    6.959469    7.722965    1.518719
    1592    6.880643    7.722965    1.516356
    1593    6.821916    7.722965    1.511066
    1594    6.781533    7.722965    1.505055
    1595    6.758764    7.722965    1.500348
    1596    6.752472    7.722965    1.498516
    1597    8.567834    7.828029    1.424693
    1598    8.540985    7.828029    1.426496
    1599    8.504970    7.828029    1.428911
    1600    8.457224    7.828029    1.432107
    1601    8.394906    7.828029    1.436266
    1602    8.315206    7.828029    1.441569
    1603    8.215892    7.828029    1.448151
    1604    8.096063    7.828029    1.456053
    1605    7.956981    7.828029    1.465161
    1606    7.802617    7.828029    1.475165
    1607    7.639566    7.828029    1.485563
    1608    7.476116    7.828029    1.495721
    1609    7.320710    7.828029    1.504995
    1610    7.180361    7.828029    1.512851
    1611    7.059628    7.828029    1.518796
    1612    6.960443    7.828029    1.520909
    1613    6.882601    7.828029    1.518514
    1614    6.824612    7.828029    1.513246
    1615    6.784739    7.828029    1.507280
    1616    6.762260    7.828029    1.502617
    1617    6.756049    7.828029    1.500804
    1618    8.548636    7.933094    1.429329
    1619    8.522124    7.933094    1.431089
    1620    8.486560    7.933094    1.433446
    1621    8.439412    7.933094    1.436565
    1622    8.377875    7.933094    1.440624
    1623    8.299175    7.933094    1.445799
    1624    8.201106    7.933094    1.452223
    1625    8.082781    7.933094    1.459933
    1626    7.945442    7.933094    1.468820
    1627    7.793014    7.933094    1.478580
    1628    7.632009    7.933094    1.488723
    1629    7.470611    7.933094    1.498627
    1630    7.317155    7.933094    1.507666
    1631    7.178568    7.933094    1.515315
    1632    7.059352    7.933094    1.521092
    1633    6.961417    7.933094    1.523099
    1634    6.884560    7.933094    1.520672
    1635    6.827308    7.933094    1.515425
    1636    6.787945    7.933094    1.509505
    1637    6.765757    7.933094    1.504886
    1638    6.759627    7.933094    1.503092
    1639    8.529437    8.038158    1.433965
    1640    8.503262    8.038158    1.435682
    1641    8.468150    8.038158    1.437981
    1642    8.421601    8.038158    1.441023
    1643    8.360845    8.038158    1.444982
    1644    8.283144    8.038158    1.450030
    1645    8.186321    8.038158    1.456294
    1646    8.069498    8.038158    1.463814
    1647    7.933904    8.038158    1.472480
    1648    7.783412    8.038158    1.481996
    1649    7.624453    8.038158    1.491882
    1650    7.465105    8.038158    1.501534
    1651    7.313599    8.038158    1.510337
    1652    7.176775    8.038158    1.517779
    1653    7.059077    8.038158    1.523388
    1654    6.962391    8.038158    1.525290
    1655    6.886519    8.038158    1.522830
    1656    6.830004    8.038158    1.517604
    1657    6.791151    8.038158    1.511729
    1658    6.769253    8.038158    1.507155
    1659    6.763204    8.038158    1.505380
    1660    8.510239    8.143222    1.438601
    1661    8.484400    8.143222    1.440275
    1662    8.449740    8.143222    1.442516
    1663    8.403789    8.143222    1.445481
    1664    8.343815    8.143222    1.449341
    1665    8.267114    8.143222    1.454260
    1666    8.171535    8.143222    1.460366
    1667    8.056215    8.143222    1.467694
    1668    7.922366    8.143222    1.476139
    1669    7.773810    8.143222    1.485411
    1670    7.616896    8.143222    1.495042
    1671    7.459599    8.143222    1.504441
    1672    7.310044    8.143222    1.513008
    1673    7.174982    8.143222    1.520244
    1674    7.058801    8.143222    1.525684
    1675    6.963365    8.143222    1.527480
    1676    6.888478    8.143222    1.524989
    1677    6.832700    8.143222    1.519783
    1678    6.794357    8.143222    1.513954
    1679    6.772749    8.143222    1.509423
    1680    6.766781    8.143222    1.507669
    1681    8.491041    8.248286    1.443237
    1682    8.465539    8.248286    1.444868
    1683    8.431329    8.248286    1.447051
    1684    8.385977    8.248286    1.449939
    1685    8.326785    8.248286    1.453699
    1686    8.251083    8.248286    1.458491
    1687    8.156749    8.248286    1.464438
    1688    8.042932    8.248286    1.471575
    1689    7.910827    8.248286    1.479799
    1690    7.764208    8.248286    1.488826
    1691    7.609339    8.248286    1.498202
    1692    7.454093    8.248286    1.507347
    1693    7.306489    8.248286    1.515678
    1694    7.173189    8.248286    1.522708
    1695    7.058526    8.248286    1.527980
    1696    6.964339    8.248286    1.529670
    1697    6.890436    8.248286    1.527147
    1698    6.835396    8.248286    1.521963
    1699    6.797564    8.248286    1.516179
    1700    6.776246    8.248286    1.511692
    1701    6.770359    8.248286    1.509957
    1702    8.471843    8.353350    1.447873
    1703    8.446677    8.353350    1.449461
    1704    8.412919    8.353350    1.451586
    1705    8.368166    8.353350    1.454397
    1706    8.309754    8.353350    1.458057
    1707    8.235052    8.353350    1.462721
    1708    8.141964    8.353350    1.468509
    1709    8.029649    8.353350    1.475455
    1710    7.899289    8.353350    1.483458
    1711    7.754606    8.353350    1.492242
    1712    7.601783    8.353350    1.501361
    1713    7.448587    8.353350    1.510254
    1714    7.302934    8.353350    1.518349
    1715    7.171396    8.353350    1.525172
    1716    7.058251    8.353350    1.530277
    1717    6.965313    8.353350    1.531861
    1718    6.892395    8.353350    1.529305
    1719    6.838092    8.353350    1.524142
    1720    6.800770    8.353350    1.518404
    1721    6.779742    8.353350    1.513961
    1722    6.773936    8.353350    1.512245
    1723    8.452645    8.458414    1.452509
    1724    8.427816    8.458414    1.454053
    1725    8.394509    8.458414    1.456121
    1726    8.350354    8.458414    1.458856
    1727    8.292724    8.458414    1.462415
    1728    8.219021    8.458414    1.466952
    1729    8.127178    8.458414    1.472581
    1730    8.016367    8.458414    1.479336
    1731    7.887750    8.458414    1.487117
    1732    7.745004    8.458414    1.495657
    1733    7.594226    8.458414    1.504521
    1734    7.443082    8.458414    1.513161
    1735    7.299378    8.458414    1.521020
    1736    7.169604    8.458414    1.527637
    1737    7.057975    8.458414    1.532573
    1738    6.966288    8.458414    1.534051
    1739    6.894354    8.458414    1.531463
    1740    6.840788    8.458414    1.526321
    1741    6.803976    8.458414    1.520629
    1742    6.783238    8.458414    1.516230
    1743    6.777513    8.458414    1.514534
    1744    8.433447    8.563479    1.457146
    1745    8.408954    8.563479    1.458646
    1746    8.376099    8.563479    1.460656
    1747    8.332543    8.563479    1.463314
    1748    8.275694    8.563479    1.466773
    1749    8.202990    8.563479    1.471182
    1750    8.112393    8.563479    1.476652
    1751    8.003084    8.563479    1.483216
    1752    7.876212    8.563479    1.490777
    1753    7.735402    8.563479    1.499073
    1754    7.586669    8.563479    1.507681
    1755    7.437576    8.563479    1.516067
    1756    7.295823    8.563479    1.523691
    1757    7.167811    8.563479    1.530101
    1758    7.057700    8.563479    1.534869
    1759    6.967262    8.563479    1.536241
    1760    6.896313    8.563479    1.533621
    1761    6.843484    8.563479    1.528500
    1762    6.807182    8.563479    1.522854
    1763    6.786735    8.563479    1.518499
    1764    6.781091    8.563479    1.516822
    1765    8.414249    8.668543    1.461782
    1766    8.390093    8.668543    1.463239
    1767    8.357689    8.668543    1.465191
    1768    8.314731    8.668543    1.467772
    1769    8.258663    8.668543    1.471131
    1770    8.186959    8.668543    1.475412
    1771    8.097607    8.668543    1.480724
    1772    7.989801    8.668543    1.487097
    1773    7.864674    8.668543    1.494436
    1774    7.725800    8.668543    1.502488
    1775    7.579113    8.668543    1.510840
    1776    7.432070    8.668543    1.518974
    1777    7.292268    8.668543    1.526362
    1778    7.166018    8.668543    1.532565
    1779    7.057424    8.668543    1.537165
    1780    6.968236    8.668543    1.538432
    1781    6.898271    8.668543    1.535780
    1782    6.846180    8.668543    1.530680
    1783    6.810388    8.668543    1.525079
    1784    6.790231    8.668543    1.520768
    1785    6.784668    8.668543    1.519110
    1786    8.395051    8.773607    1.466418
    1787    8.371231    8.773607    1.467832
    1788    8.339279    8.773607    1.469726
    1789    8.296919    8.773607    1.472230
    1790    8.241633    8.773607    1.475489
    1791    8.170928    8.773607    1.479643
    1792    8.082822    8.773607    1.484796
    1793    7.976518    8.773607    1.490977
    1794    7.853135    8.773607    1.498096
    1795    7.716198    8.773607    1.505904
    1796    7.571556    8.773607    1.514000
    1797    7.426564    8.773607    1.521880
    1798    7.288713    8.773607    1.529032
    1799    7.164225    8.773607    1.535030
    1800    7.057149    8.773607    1.539461
    1801    6.969210    8.773607    1.540622
    1802    6.900230    8.773607    1.537938
    1803    6.848876    8.773607    1.532859
    1804    6.813594    8.773607    1.527304
    1805    6.793727    8.773607    1.523036
    1806    6.788245    8.773607    1.521398
    1807    8.375853    8.878671    1.471054
    1808    8.352369    8.878671    1.472425
    1809    8.320869    8.878671    1.474261
    1810    8.279108    8.878671    1.476688
    1811    8.224603    8.878671    1.479848
    1812    8.154897    8.878671    1.483873
    1813    8.068036    8.878671    1.488867
    1814    7.963236    8.878671    1.494858
    1815    7.841597    8.878671    1.501755
    1816    7.706595    8.878671    1.509319
    1817    7.563999    8.878671    1.517160
    1818    7.421058    8.878671    1.524787
    1819    7.285157    8.878671    1.531703
    1820    7.162432    8.878671    1.537494
    1821    7.056874    8.878671    1.541757
    1822    6.970184    8.878671    1.542812
    1823    6.902189    8.878671    1.540096
    1824    6.851572    8.878671    1.535038
    1825    6.816801    8.878671    1.529529
    1826    6.797224    8.878671    1.525305
    1827    6.791823    8.878671    1.523687
    1828    8.356655    8.983735    1.475690
    1829    8.333508    8.983735    1.477018
    1830    8.302459    8.983735    1.478795
    1831    8.261296    8.983735    1.481146
    1832    8.207572    8.983735    1.484206
    1833    8.138866    8.983735    1.488104
    1834    8.053250    8.983735    1.492939
    1835    7.949953    8.983735    1.498738
    1836    7.830059    8.983735    1.505415
    1837    7.696993    8.983735    1.512734
    1838    7.556443    8.983735    1.520320
    1839    7.415553    8.983735    1.527694
    1840    7.281602    8.983735    1.534374
    1841    7.160640    8.983735    1.539958
    1842    7.056598    8.983735    1.544053
    1843    6.971158    8.983735    1.545003
    1844    6.904148    8.983735    1.542254
    1845    6.854268    8.983735    1.537217
    1846    6.820007    8.983735    1.531754
    1847    6.800720    8.983735    1.527574
    1848    6.795400    8.983735    1.525975
    1849    8.337457    9.088799    1.480326
    1850    8.314646    9.088799    1.481611
    1851    8.284048    9.088799    1.483330
    1852    8.243485    9.088799    1.485605
    1853    8.190542    9.088799    1.488564
    1854    8.122835    9.088799    1.492334
    1855    8.038465    9.088799    1.497011
    1856    7.936670    9.088799    1.502619
    1857    7.818520    9.088799    1.509074
    1858    7.687391    9.088799    1.516150
    1859    7.548886    9.088799    1.523479
    1860    7.410047    9.088799    1.530600
    1861    7.278047    9.088799    1.537045
    1862    7.158847    9.088799    1.542423
    1863    7.056323    9.088799    1.546349
    1864    6.972132    9.088799    1.547193
    1865    6.906106    9.088799    1.544412
    1866    6.856964    9.088799    1.539396
    1867    6.823213    9.088799    1.533978
    1868    6.804216    9.088799    1.529843
    1869    6.798977    9.088799    1.528263
    1870    8.318259    9.193864    1.484962
    1871    8.295785    9.193864    1.486204
    1872    8.265638    9.193864    1.487865
    1873    8.225673    9.193864    1.490063
    1874    8.173512    9.193864    1.492922
    1875    8.106804    9.193864    1.496565
    1876    8.023679    9.193864    1.501082
    1877    7.923387    9.193864    1.506499
    1878    7.806982    9.193864    1.512734
    1879    7.677789    9.193864    1.519565
    1880    7.541329    9.193864    1.526639
    1881    7.404541    9.193864    1.533507
    1882    7.274492    9.193864    1.539715
    1883    7.157054    9.193864    1.544887
    1884    7.056047    9.193864    1.548645
    1885    6.973106    9.193864    1.549383
    1886    6.908065    9.193864    1.546570
    1887    6.859660    9.193864    1.541576
    1888    6.826419    9.193864    1.536203
    1889    6.807713    9.193864    1.532112
    1890    6.802555    9.193864    1.530551
    1891    8.299060    9.298928    1.489598
    1892    8.276923    9.298928    1.490796
    1893    8.247228    9.298928    1.492400
    1894    8.207862    9.298928    1.494521
    1895    8.156482    9.298928    1.497280
    1896    8.090773    9.298928    1.500795
    1897    8.008894    9.298928    1.505154
    1898    7.910104    9.298928    1.510380
    1899    7.795444    9.298928    1.516393
    1900    7.668187    9.298928    1.522981
    1901    7.533773    9.298928    1.529799
    1902    7.399035    9.298928    1.536414
    1903    7.270936    9.298928    1.542386
    1904    7.155261    9.298928    1.547351
    1905    7.055772    9.298928    1.550941
    1906    6.974080    9.298928    1.551574
    1907    6.910024    9.298928    1.548729
    1908    6.862356    9.298928    1.543755
    1909    6.829625    9.298928    1.538428
    1910    6.811209    9.298928    1.534381
    1911    6.806132    9.298928    1.532840
    1912    8.279862    9.403992    1.494234
    1913    8.258062    9.403992    1.495389
    1914    8.228818    9.403992    1.496935
    1915    8.190050    9.403992    1.498979
    1916    8.139451    9.403992    1.501638
    1917    8.074742    9.403992    1.505026
    1918    7.994108    9.403992    1.509225
    1919    7.896822    9.403992    1.514260
    1920    7.783905    9.403992    1.520052
    1921    7.658585    9.403992    1.526396
    1922    7.526216    9.403992    1.532958
    1923    7.393529    9.403992    1.539320
    1924    7.267381    9.403992    1.545057
    1925    7.153468    9.403992    1.549815
    1926    7.055497    9.403992    1.553238
    1927    6.975054    9.403992    1.553764
    1928    6.911983    9.403992    1.550887
    1929    6.865052    9.403992    1.545934
    1930    6.832832    9.403992    1.540653
    1931    6.814706    9.403992    1.536649
    1932    6.809709    9.403992    1.535128
    1933    8.260664    9.509056    1.498871
    1934    8.239200    9.509056    1.499982
    1935    8.210408    9.509056    1.501470
    1936    8.172238    9.509056    1.503437
    1937    8.122421    9.509056    1.505996
    1938    8.058711    9.509056    1.509256
    1939    7.979322    9.509056    1.513297
    1940    7.883539    9.509056    1.518141
    1941    7.772367    9.509056    1.523712
    1942    7.648983    9.509056    1.529811
    1943    7.518659    9.509056    1.536118
    1944    7.388023    9.509056    1.542227
    1945    7.263826    9.509056    1.547728
    1946    7.151675    9.509056    1.552280
    1947    7.055221    9.509056    1.555534
    1948    6.976028    9.509056    1.555954
    1949    6.913941    9.509056    1.553045
    1950    6.867748    9.509056    1.548113
    1951    6.836038    9.509056    1.542878
    1952    6.818202    9.509056    1.538918
    1953    6.813287    9.509056    1.537416
    1954    8.241466    9.614120    1.503507
    1955    8.220338    9.614120    1.504575
    1956    8.191998    9.614120    1.506005
    1957    8.154427    9.614120    1.507895
    1958    8.105391    9.614120    1.510355
    1959    8.042680    9.614120    1.513486
    1960    7.964537    9.614120    1.517369
    1961    7.870256    9.614120    1.522021
    1962    7.760828    9.614120    1.527371
    1963    7.639381    9.614120    1.533227
    1964    7.511103    9.614120    1.539278
    1965    7.382518    9.614120    1.545134
    1966    7.260270    9.614120    1.550398
    1967    7.149883    9.614120    1.554744
    1968    7.054946    9.614120    1.557830
    1969    6.977003    9.614120    1.558145
    1970    6.915900    9.614120    1.555203
    1971    6.870444    9.614120    1.550293
    1972    6.839244    9.614120    1.545103
    1973    6.821698    9.614120    1.541187
    1974    6.816864    9.614120    1.539704
    1975    8.222268    9.719184    1.508143
    1976    8.201477    9.719184    1.509168
    1977    8.173588    9.719184    1.510540
    1978    8.136615    9.719184    1.512354
    1979    8.088360    9.719184    1.514713
    1980    8.026649    9.719184    1.517717
    1981    7.949751    9.719184    1.521440
    1982    7.856973    9.719184    1.525902
    1983    7.749290    9.719184    1.531031
    1984    7.629779    9.719184    1.536642
    1985    7.503546    9.719184    1.542437
    1986    7.377012    9.719184    1.548040
    1987    7.256715    9.719184    1.553069
    1988    7.148090    9.719184    1.557208
    1989    7.054670    9.719184    1.560126
    1990    6.977977    9.719184    1.560335
    1991    6.917859    9.719184    1.557361
    1992    6.873140    9.719184    1.552472
    1993    6.842450    9.719184    1.547328
    1994    6.825195    9.719184    1.543456
    1995    6.820441    9.719184    1.541993
    1996    8.203070    9.824249    1.512779
    1997    8.182615    9.824249    1.513761
    1998    8.155177    9.824249    1.515075
    1999    8.118804    9.824249    1.516812
    2000    8.071330    9.824249    1.519071
    2001    8.010618    9.824249    1.521947
    2002    7.934966    9.824249    1.525512
    2003    7.843690    9.824249    1.529782
    2004    7.737752    9.824249    1.534690
    2005    7.620177    9.824249    1.540058
    2006    7.495989    9.824249    1.545597
    2007    7.371506    9.824249    1.550947
    2008    7.253160    9.824249    1.555740
    2009    7.146297    9.824249    1.559673
    2010    7.054395    9.824249    1.562422
    2011    6.978951    9.824249    1.562525
    2012    6.919818    9.824249    1.559520
    2013    6.875836    9.824249    1.554651
    2014    6.845656    9.824249    1.549553
    2015    6.828691    9.824249    1.545725
    2016    6.824018    9.824249    1.544281
    2017    8.183872    9.929313    1.517415
    2018    8.163754    9.929313    1.518354
    2019    8.136767    9.929313    1.519610
    2020    8.100992    9.929313    1.521270
    2021    8.054300    9.929313    1.523429
    2022    7.994587    9.929313    1.526178
    2023    7.920180    9.929313    1.529584
    2024    7.830408    9.929313    1.533663
    2025    7.726213    9.929313    1.538350
    2026    7.610574    9.929313    1.543473
    2027    7.488433    9.929313    1.548757
    2028    7.366000    9.929313    1.553853
    2029    7.249605    9.929313    1.558411
    2030    7.144504    9.929313    1.562137
    2031    7.054119    9.929313    1.564718
    2032    6.979925    9.929313    1.564716
    2033    6.921776    9.929313    1.561678
    2034    6.878532    9.929313    1.556830
    2035    6.848862    9.929313    1.551778
    2036    6.832187    9.929313    1.547994
    2037    6.827596    9.929313    1.546569
    2038    8.164674   10.034377    1.522051
    2039    8.144892   10.034377    1.522946
    2040    8.118357   10.034377    1.524145
    2041    8.083180   10.034377    1.525728
    2042    8.037269   10.034377    1.527787
    2043    7.978556   10.034377    1.530408
    2044    7.905395   10.034377    1.533655
    2045    7.817125   10.034377    1.537543
    2046    7.714675   10.034377    1.542009
    2047    7.600972   10.034377    1.546888
    2048    7.480876   10.034377    1.551917
    2049    7.360494   10.034377    1.556760
    2050    7.246049   10.034377    1.561082
    2051    7.142711   10.034377    1.564601
    2052    7.053844   10.034377    1.567014
    2053    6.980899   10.034377    1.566906
    2054    6.923735   10.034377    1.563836
    2055    6.881228   10.034377    1.559010
    2056    6.852069   10.034377    1.554003
    2057    6.835684   10.034377    1.550262
    2058    6.831173   10.034377    1.548857
    2059    8.145476   10.139441    1.526687
    2060    8.126031   10.139441    1.527539
    2061    8.099947   10.139441    1.528680
    2062    8.065369   10.139441    1.530186
    2063    8.020239   10.139441    1.532145
    2064    7.962525   10.139441    1.534639
    2065    7.890609   10.139441    1.537727
    2066    7.803842   10.139441    1.541424
    2067    7.703137   10.139441    1.545668
    2068    7.591370   10.139441    1.550304
    2069    7.473319   10.139441    1.555076
    2070    7.354989   10.139441    1.559667
    2071    7.242494   10.139441    1.563752
    2072    7.140919   10.139441    1.567066
    2073    7.053569   10.139441    1.569310
    2074    6.981873   10.139441    1.569096
    2075    6.925694   10.139441    1.565994
    2076    6.883924   10.139441    1.561189
    2077    6.855275   10.139441    1.556228
    2078    6.839180   10.139441    1.552531
    2079    6.834750   10.139441    1.551146
    2080    8.126278   10.244505    1.531323
    2081    8.107169   10.244505    1.532132
    2082    8.081537   10.244505    1.533214
    2083    8.047557   10.244505    1.534645
    2084    8.003209   10.244505    1.536504
    2085    7.946494   10.244505    1.538869
    2086    7.875823   10.244505    1.541798
    2087    7.790559   10.244505    1.545304
    2088    7.691598   10.244505    1.549328
    2089    7.581768   10.244505    1.553719
    2090    7.465763   10.244505    1.558236
    2091    7.349483   10.244505    1.562573
    2092    7.238939   10.244505    1.566423
    2093    7.139126   10.244505    1.569530
    2094    7.053293   10.244505    1.571606
    2095    6.982847   10.244505    1.571287
    2096    6.927653   10.244505    1.568152
    2097    6.886620   10.244505    1.563368
    2098    6.858481   10.244505    1.558452
    2099    6.842676   10.244505    1.554800
    2100    6.838328   10.244505    1.553434
