242
       1      6.6900      1.2300      1.3020
       2      6.6900      1.7220      1.3192
       3      6.6900      2.2140      1.3364
       4      6.6900      2.7060      1.3535
       5      6.6900      3.1980      1.3707
       6      6.6900      3.6900      1.3879
       7      6.6900      4.1820      1.4051
       8      6.6900      4.6740      1.4223
       9      6.6900      5.1660      1.4394
      10      6.6900      5.6580      1.4566
      11      6.6900      6.1500      1.4738
      12      6.9266      1.2300      1.2896
      13      6.9266      1.7220      1.3068
      14      6.9266      2.2140      1.3240
      15      6.9266      2.7060      1.3411
      16      6.9266      3.1980      1.3583
      17      6.9266      3.6900      1.3755
      18      6.9266      4.1820      1.3927
      19      6.9266      4.6740      1.4099
      20      6.9266      5.1660      1.4270
      21      6.9266      5.6580      1.4442
      22      6.9266      6.1500      1.4614
      23      7.1632      1.2300      1.2772
      24      7.1632      1.7220      1.2944
      25      7.1632      2.2140      1.3116
      26      7.1632      2.7060      1.3287
      27      7.1632      3.1980      1.3459
      28      7.1632      3.6900      1.3631
      29      7.1632      4.1820      1.3803
      30      7.1632      4.6740      1.3975
      31      7.1632      5.1660      1.4146
      32      7.1632      5.6580      1.4318
      33      7.1632      6.1500      1.4490
      34      7.3998      1.2300      1.2648
      35      7.3998      1.7220      1.2820
      36      7.3998      2.2140      1.2992
      37      7.3998      2.7060      1.3163
      38      7.3998      3.1980      1.3335
      39      7.3998      3.6900      1.3507
      40      7.3998      4.1820      1.3679
      41      7.3998      4.6740      1.3851
      42      7.3998      5.1660      1.4022
      43      7.3998      5.6580      1.4194
      44      7.3998      6.1500      1.4366
      45      7.6365      1.2300      1.2524
      46      7.6365      1.7220      1.2696
      47      7.6365      2.2140      1.2868
      48      7.6365      2.7060      1.3039
      49      7.6365      3.1980      1.3211
      50      7.6365      3.6900      1.3383
      51      7.6365      4.1820      1.3555
      52      7.6365      4.6740      1.3727
      53      7.6365      5.1660      1.3898
      54      7.6365      5.6580      1.4070
      55      7.6365      6.1500      1.4242
      56      7.8731      1.2300      1.2400
      57      7.8731      1.7220      1.2572
      58      7.8731      2.2140      1.2744
      59      7.8731      2.7060      1.2915
      60      7.8731      3.1980      1.3087
      61      7.8731      3.6900      1.3259
      62      7.8731      4.1820      1.3431
      63      7.8731      4.6740      1.3603
      64      7.8731      5.1660      1.3774
      65      7.8731      5.6580      1.3946
      66      7.8731      6.1500      1.4118
      67      8.1097      1.2300      1.2276
      68      8.1097      1.7220      1.2448
      69      8.1097      2.2140      1.2620
      70      8.1097      2.7060      1.2791
      71      8.1097      3.1980      1.2963
      72      8.1097      3.6900      1.3135
      73      8.1097      4.1820      1.3307
      74      8.1097      4.6740      1.3479
      75      8.1097      5.1660      1.3650
      76      8.1097      5.6580      1.3822
      77      8.1097      6.1500      1.3994
      78      8.3463      1.2300      1.2152
      79      8.3463      1.7220      1.2324
      80      8.3463      2.2140      1.2496
      81      8.3463      2.7060      1.2667
      82      8.3463      3.1980      1.2839
      83      8.3463      3.6900      1.3011
      84      8.3463      4.1820      1.3183
      85      8.3463      4.6740      1.3355
      86      8.3463      5.1660      1.3526
      87      8.3463      5.6580      1.3698
      88      8.3463      6.1500      1.3870
      89      8.4056      6.1500      1.3839
      90      8.3786      6.3499      1.3944
      91      8.6618      6.1500      1.3705
      92      8.6299      6.3499      1.3815
      93      8.9180      6.1500      1.3570
      94      8.8811      6.3499      1.3686
      95      6.6900      6.1500      1.4738
      96      6.7034      6.5600      1.4881
      97      6.7168      6.9700      1.5024
      98      6.7302      7.3800      1.5168
      99      6.7436      7.7900      1.5311
     100      6.7570      8.2000      1.5454
     101      6.7703      8.6100      1.5597
     102      6.7837      9.0200      1.5740
     103      6.7971      9.4300      1.5884
     104      6.8105      9.8400      1.6027
     105      6.8239     10.2500      1.6170
     106      6.9351      6.1500      1.4610
     107      6.9387      6.5600      1.4763
     108      6.9423      6.9700      1.4917
     109      6.9458      7.3800      1.5070
     110      6.9494      7.7900      1.5223
     111      6.9530      8.2000      1.5377
     112      6.9566      8.6100      1.5530
     113      6.9602      9.0200      1.5684
     114      6.9638      9.4300      1.5837
     115      6.9674      9.8400      1.5991
     116      6.9710     10.2500      1.6144
     117      7.1802      6.1500      1.4481
     118      7.1739      6.5600      1.4645
     119      7.1677      6.9700      1.4809
     120      7.1615      7.3800      1.4972
     121      7.1553      7.7900      1.5136
     122      7.1491      8.2000      1.5300
     123      7.1429      8.6100      1.5464
     124      7.1367      9.0200      1.5627
     125      7.1305      9.4300      1.5791
     126      7.1243      9.8400      1.5955
     127      7.1180     10.2500      1.6119
     128      7.4252      6.1500      1.4353
     129      7.4092      6.5600      1.4527
     130      7.3932      6.9700      1.4701
     131      7.3772      7.3800      1.4875
     132      7.3612      7.7900      1.5049
     133      7.3452      8.2000      1.5223
     134      7.3292      8.6100      1.5397
     135      7.3131      9.0200      1.5571
     136      7.2971      9.4300      1.5745
     137      7.2811      9.8400      1.5919
     138      7.2651     10.2500      1.6093
     139      7.6703      6.1500      1.4224
     140      7.6445      6.5600      1.4409
     141      7.6187      6.9700      1.4593
     142      7.5929      7.3800      1.4777
     143      7.5671      7.7900      1.4961
     144      7.5413      8.2000      1.5146
     145      7.5154      8.6100      1.5330
     146      7.4896      9.0200      1.5514
     147      7.4638      9.4300      1.5699
     148      7.4380      9.8400      1.5883
     149      7.4122     10.2500      1.6067
     150      7.9154      6.1500      1.4096
     151      7.8798      6.5600      1.4290
     152      7.8442      6.9700      1.4485
     153      7.8086      7.3800      1.4680
     154      7.7729      7.7900      1.4874
     155      7.7373      8.2000      1.5069
     156      7.7017      8.6100      1.5263
     157      7.6661      9.0200      1.5458
     158      7.6305      9.4300      1.5652
     159      7.5949      9.8400      1.5847
     160      7.5593     10.2500      1.6042
     161      8.1605      6.1500      1.3967
     162      8.1151      6.5600      1.4172
     163      8.0696      6.9700      1.4377
     164      8.0242      7.3800      1.4582
     165      7.9788      7.7900      1.4787
     166      7.9334      8.2000      1.4992
     167      7.8880      8.6100      1.5197
     168      7.8426      9.0200      1.5401
     169      7.7972      9.4300      1.5606
     170      7.7517      9.8400      1.5811
     171      7.7063     10.2500      1.6016
     172      8.4056      6.1500      1.3839
     173      8.3503      6.5600      1.4054
     174      8.2951      6.9700      1.4269
     175      8.2399      7.3800      1.4484
     176      8.1847      7.7900      1.4699
     177      8.1295      8.2000      1.4915
     178      8.0743      8.6100      1.5130
     179      8.0190      9.0200      1.5345
     180      7.9638      9.4300      1.5560
     181      7.9086      9.8400      1.5775
     182      7.8534     10.2500      1.5990
     183      8.3463      1.2300      1.2152
     184      8.3463      1.7220      1.2324
     185      8.3463      2.2140      1.2496
     186      8.3463      2.7060      1.2667
     187      8.3463      3.1980      1.2839
     188      8.3463      3.6900      1.3011
     189      8.3463      4.1820      1.3183
     190      8.3463      4.6740      1.3355
     191      8.3463      5.1660      1.3526
     192      8.3463      5.6580      1.3698
     193      8.3463      6.1500      1.3870
     194      8.6321      1.2300      1.2002
     195      8.6321      1.7220      1.2174
     196      8.6321      2.2140      1.2346
     197      8.6321      2.7060      1.2518
     198      8.6321      3.1980      1.2689
     199      8.6321      3.6900      1.2861
     200      8.6321      4.1820      1.3033
     201      8.6321      4.6740      1.3205
     202      8.6321      5.1660      1.3377
     203      8.6321      5.6580      1.3548
     204      8.6321      6.1500      1.3720
     205      8.9180      1.2300      1.1852
     206      8.9180      1.7220      1.2024
     207      8.9180      2.2140      1.2196
     208      8.9180      2.7060      1.2368
     209      8.9180      3.1980      1.2540
     210      8.9180      3.6900      1.2711
     211      8.9180      4.1820      1.2883
     212      8.9180      4.6740      1.3055
     213      8.9180      5.1660      1.3227
     214      8.9180      5.6580      1.3399
     215      8.9180      6.1500      1.3570
     216      8.3786      6.3499      1.3944
     217      8.3130      6.8374      1.4200
     218      8.2473      7.3250      1.4455
     219      8.1817      7.8124      1.4711
     220      8.1160      8.2999      1.4967
     221      8.0504      8.7874      1.5223
     222      7.9847      9.2750      1.5479
     223      7.9190      9.7625      1.5734
     224      7.8534     10.2500      1.5990
     225      8.6299      6.3499      1.3815
     226      8.5520      6.8374      1.4083
     227      8.4742      7.3250      1.4352
     228      8.3963      7.8124      1.4621
     229      8.3185      8.2999      1.4889
     230      8.2407      8.7874      1.5158
     231      8.1628      9.2750      1.5426
     232      8.0850      9.7625      1.5695
     233      8.0071     10.2500      1.5963
     234      8.8811      6.3499      1.3686
     235      8.7911      6.8374      1.3967
     236      8.7010      7.3250      1.4249
     237      8.6110      7.8124      1.4530
     238      8.5210      8.2999      1.4811
     239      8.4310      8.7874      1.5092
     240      8.3409      9.2750      1.5374
     241      8.2509      9.7625      1.5655
     242      8.1609     10.2500      1.5937
