    6.808300     6.808300     6.808300 1.702510e-02 5.327164e-03 -1.536519e-01 6.1008000e-03 -4.0695200e-03 1.1640720e-01 1.1663797e-01
    6.808300     6.808300     6.808300 1.687873e-02 5.287822e-03 -1.525145e-01 6.1008000e-03 -4.0695200e-03 1.1640720e-01 1.1663797e-01
    6.808300     6.808300     6.808300 1.669534e-02 5.238175e-03 -1.510832e-01 6.1008000e-03 -4.0458600e-03 1.1640720e-01 1.1663715e-01
    6.808300     6.808300     6.808300 1.511293e-02 4.750844e-03 -1.370250e-01 6.1008000e-03 -4.0695200e-03 1.1640720e-01 1.1663797e-01
    6.808300     6.808300     6.808300 1.623811e-02 5.117242e-03 -1.475898e-01 6.1008000e-03 -4.0695200e-03 1.1640720e-01 1.1663797e-01
    6.808300     6.808300     6.808300 1.591867e-02 5.033721e-03 -1.451804e-01 6.1008000e-03 -4.0695200e-03 1.1640720e-01 1.1663797e-01
    6.808300     6.808300     6.808300 1.425477e-02 4.525845e-03 -1.305268e-01 6.1008000e-03 -4.0695200e-03 1.1640720e-01 1.1663797e-01
    6.808300     6.808300     6.808300 1.509142e-02 4.817000e-03 -1.389214e-01 6.1008000e-03 -4.0458600e-03 1.1640720e-01 1.1663715e-01
    6.808300     6.808300     6.808300 1.449855e-02 4.662085e-03 -1.344485e-01 6.1008000e-03 -4.0695200e-03 1.1640720e-01 1.1663797e-01
    6.808300     6.808300     6.808300 1.369270e-02 4.451508e-03 -1.283657e-01 6.1008000e-03 -4.0695200e-03 1.1640720e-01 1.1663797e-01
    7.044900     7.044900     7.044900 -4.145896e-03 3.177834e-03 -9.090828e-02 6.1008000e-03 -4.0695200e-03 1.1640720e-01 1.1663797e-01
    7.044900     7.044900     7.044900 -4.120698e-03 3.159099e-03 -9.037119e-02 6.1008000e-03 -4.0695200e-03 1.1640720e-01 1.1663797e-01
    7.044900     7.044900     7.044900 -4.091533e-03 3.136771e-03 -8.973637e-02 6.1008000e-03 -4.0458600e-03 1.1640720e-01 1.1663715e-01
    7.044900     7.044900     7.044900 -3.723848e-03 2.854994e-03 -8.167214e-02 6.1008000e-03 -4.0695200e-03 1.1640720e-01 1.1663797e-01
    7.044900     7.044900     7.044900 -4.030342e-03 3.089815e-03 -8.839163e-02 6.1008000e-03 -4.0695200e-03 1.1640720e-01 1.1663797e-01
    7.044900     7.044900     7.044900 -3.990853e-03 3.059501e-03 -8.752315e-02 6.1008000e-03 -4.0695200e-03 1.1640720e-01 1.1663797e-01
    7.044900     7.044900     7.044900 -3.616529e-03 2.772317e-03 -7.930708e-02 6.1008000e-03 -4.0695200e-03 1.1640720e-01 1.1663797e-01
    7.044900     7.044900     7.044900 -3.889194e-03 2.980996e-03 -8.527976e-02 6.1008000e-03 -4.0458600e-03 1.1640720e-01 1.1663715e-01
    7.044900     7.044900     7.044900 -3.816232e-03 2.924936e-03 -8.367377e-02 6.1008000e-03 -4.0695200e-03 1.1640720e-01 1.1663797e-01
    7.044900     7.044900     7.044900 -3.721045e-03 2.851242e-03 -8.156425e-02 6.1008000e-03 -4.0695200e-03 1.1640720e-01 1.1663797e-01
    7.281500     7.281500     7.281500 -2.748611e-03 1.452914e-03 -4.151819e-02 6.1008000e-03 -4.0695200e-03 1.1640720e-01 1.1663797e-01
    7.281500     7.281500     7.281500 -2.725087e-03 1.440426e-03 -4.116258e-02 6.1008000e-03 -4.0695200e-03 1.1640720e-01 1.1663797e-01
    7.281500     7.281500     7.281500 -2.703828e-03 1.429209e-03 -4.084204e-02 6.1008000e-03 -4.0458600e-03 1.1640720e-01 1.1663715e-01
    7.281500     7.281500     7.281500 -2.459938e-03 1.300272e-03 -3.715707e-02 6.1008000e-03 -4.0695200e-03 1.1640720e-01 1.1663797e-01
    7.281500     7.281500     7.281500 -2.661668e-03 1.406977e-03 -4.020550e-02 6.1008000e-03 -4.0695200e-03 1.1640720e-01 1.1663797e-01
    7.281500     7.281500     7.281500 -2.635080e-03 1.392838e-03 -3.980269e-02 6.1008000e-03 -4.0695200e-03 1.1640720e-01 1.1663797e-01
    7.281500     7.281500     7.281500 -2.387511e-03 1.261997e-03 -3.606338e-02 6.1008000e-03 -4.0695200e-03 1.1640720e-01 1.1663797e-01
    7.281500     7.281500     7.281500 -2.567265e-03 1.357006e-03 -3.877864e-02 6.1008000e-03 -4.0458600e-03 1.1640720e-01 1.1663715e-01
    7.281500     7.281500     7.281500 -2.517222e-03 1.330580e-03 -3.802248e-02 6.1008000e-03 -4.0695200e-03 1.1640720e-01 1.1663797e-01
    7.281500     7.281500     7.281500 -2.455741e-03 1.298075e-03 -3.709462e-02 6.1008000e-03 -4.0695200e-03 1.1640720e-01 1.1663797e-01
    7.518150     7.518150     7.518150 -3.696702e-03 1.831284e-03 -5.231824e-02 6.1008000e-03 -4.0712400e-03 1.1645640e-01 1.1668714e-01
    7.518150     7.518150     7.518150 -3.655102e-03 1.810650e-03 -5.172986e-02 6.1008000e-03 -4.0712400e-03 1.1645640e-01 1.1668714e-01
    7.518150     7.518150     7.518150 -3.624470e-03 1.795439e-03 -5.129617e-02 6.1008000e-03 -4.0475700e-03 1.1645640e-01 1.1668631e-01
    7.518150     7.518150     7.518150 -3.386419e-03 1.676549e-03 -4.789718e-02 6.1008000e-03 -4.0712400e-03 1.1645640e-01 1.1668714e-01
    7.518150     7.518150     7.518150 -3.562296e-03 1.764653e-03 -5.041674e-02 6.1008000e-03 -4.0712400e-03 1.1645640e-01 1.1668714e-01
    7.518150     7.518150     7.518150 -3.523191e-03 1.745366e-03 -4.986448e-02 6.1008000e-03 -4.0712400e-03 1.1645640e-01 1.1668714e-01
    7.518150     7.518150     7.518150 -3.101197e-03 1.537357e-03 -4.392151e-02 6.1008000e-03 -4.0712400e-03 1.1645640e-01 1.1668714e-01
    7.518150     7.518150     7.518150 -3.425864e-03 1.697122e-03 -4.848715e-02 6.1008000e-03 -4.0475700e-03 1.1645640e-01 1.1668631e-01
    7.518150     7.518150     7.518150 -3.351375e-03 1.660301e-03 -4.743351e-02 6.1008000e-03 -4.0712400e-03 1.1645640e-01 1.1668714e-01
    7.518150     7.518150     7.518150 -3.260721e-03 1.615381e-03 -4.615115e-02 6.1008000e-03 -4.0712400e-03 1.1645640e-01 1.1668714e-01
    7.754800     7.754800     7.754800 -2.077101e-03 9.944132e-04 -2.840752e-02 6.1008000e-03 -4.0695200e-03 1.1640720e-01 1.1663797e-01
    7.754800     7.754800     7.754800 -2.051568e-03 9.822614e-04 -2.805878e-02 6.1008000e-03 -4.0695200e-03 1.1640720e-01 1.1663797e-01
    7.754800     7.754800     7.754800 -2.034371e-03 9.739587e-04 -2.782325e-02 6.1008000e-03 -4.0458600e-03 1.1640720e-01 1.1663715e-01
    7.754800     7.754800     7.754800 -1.833934e-03 8.771844e-04 -2.505685e-02 6.1008000e-03 -4.0695200e-03 1.1640720e-01 1.1663797e-01
    7.754800     7.754800     7.754800 -1.997999e-03 9.565876e-04 -2.732631e-02 6.1008000e-03 -4.0695200e-03 1.1640720e-01 1.1663797e-01
    7.754800     7.754800     7.754800 -1.974604e-03 9.453954e-04 -2.700637e-02 6.1008000e-03 -4.0695200e-03 1.1640720e-01 1.1663797e-01
    7.754800     7.754800     7.754800 -1.800228e-03 8.627911e-04 -2.464590e-02 6.1008000e-03 -4.0695200e-03 1.1640720e-01 1.1663797e-01
    7.754800     7.754800     7.754800 -1.914664e-03 9.166683e-04 -2.618657e-02 6.1008000e-03 -4.0458600e-03 1.1640720e-01 1.1663715e-01
    7.754800     7.754800     7.754800 -1.868914e-03 8.948297e-04 -2.556129e-02 6.1008000e-03 -4.0695200e-03 1.1640720e-01 1.1663797e-01
    7.754800     7.754800     7.754800 -1.811429e-03 8.673189e-04 -2.477550e-02 6.1008000e-03 -4.0695200e-03 1.1640720e-01 1.1663797e-01
    7.991400     7.991400     7.991400 -2.449550e-03 1.148956e-03 -3.281845e-02 6.1008000e-03 -4.0695200e-03 1.1640720e-01 1.1663797e-01
    7.991400     7.991400     7.991400 -2.421724e-03 1.135866e-03 -3.244527e-02 6.1008000e-03 -4.0695200e-03 1.1640720e-01 1.1663797e-01
    7.991400     7.991400     7.991400 -2.402227e-03 1.126748e-03 -3.218416e-02 6.1008000e-03 -4.0458600e-03 1.1640720e-01 1.1663715e-01
    7.991400     7.991400     7.991400 -2.106402e-03 9.876939e-04 -2.821207e-02 6.1008000e-03 -4.0695200e-03 1.1640720e-01 1.1663797e-01
    7.991400     7.991400     7.991400 -2.358270e-03 1.106141e-03 -3.159551e-02 6.1008000e-03 -4.0695200e-03 1.1640720e-01 1.1663797e-01
    7.991400     7.991400     7.991400 -2.329013e-03 1.092416e-03 -3.120346e-02 6.1008000e-03 -4.0695200e-03 1.1640720e-01 1.1663797e-01
    7.991400     7.991400     7.991400 -2.177540e-03 1.021651e-03 -2.918270e-02 6.1008000e-03 -4.0695200e-03 1.1640720e-01 1.1663797e-01
    7.991400     7.991400     7.991400 -2.252106e-03 1.056348e-03 -3.017322e-02 6.1008000e-03 -4.0458600e-03 1.1640720e-01 1.1663715e-01
    7.991400     7.991400     7.991400 -2.193742e-03 1.028989e-03 -2.939138e-02 6.1008000e-03 -4.0695200e-03 1.1640720e-01 1.1663797e-01
    7.991400     7.991400     7.991400 -2.116923e-03 9.929320e-04 -2.836247e-02 6.1008000e-03 -4.0695200e-03 1.1640720e-01 1.1663797e-01
    8.228000     8.228000     8.228000 -1.138054e-03 5.261826e-04 -1.502948e-02 6.1008000e-03 -4.0695200e-03 1.1640720e-01 1.1663797e-01
    8.228000     8.228000     8.228000 -1.128933e-03 5.220003e-04 -1.490920e-02 6.1008000e-03 -4.0695200e-03 1.1640720e-01 1.1663797e-01
    8.228000     8.228000     8.228000 -1.120322e-03 5.180010e-04 -1.479539e-02 6.1008000e-03 -4.0458600e-03 1.1640720e-01 1.1663715e-01
    8.228000     8.228000     8.228000 -1.017787e-03 4.705979e-04 -1.344130e-02 6.1008000e-03 -4.0695200e-03 1.1640720e-01 1.1663797e-01
    8.228000     8.228000     8.228000 -1.098867e-03 5.080926e-04 -1.451194e-02 6.1008000e-03 -4.0695200e-03 1.1640720e-01 1.1663797e-01
    8.228000     8.228000     8.228000 -1.084371e-03 5.013609e-04 -1.432052e-02 6.1008000e-03 -4.0695200e-03 1.1640720e-01 1.1663797e-01
    8.228000     8.228000     8.228000 -9.785351e-04 4.524648e-04 -1.292301e-02 6.1008000e-03 -4.0695200e-03 1.1640720e-01 1.1663797e-01
    8.228000     8.228000     8.228000 -1.046236e-03 4.837462e-04 -1.381697e-02 6.1008000e-03 -4.0458600e-03 1.1640720e-01 1.1663715e-01
    8.228000     8.228000     8.228000 -1.016576e-03 4.700327e-04 -1.342530e-02 6.1008000e-03 -4.0695200e-03 1.1640720e-01 1.1663797e-01
    8.228000     8.228000     8.228000 -9.747977e-04 4.507317e-04 -1.287363e-02 6.1008000e-03 -4.0695200e-03 1.1640720e-01 1.1663797e-01
    8.518975     8.518975     8.518975 -3.143432e-04 1.180455e-04 -4.132014e-03 2.6286850e-03 -2.3405450e-03 5.0724625e-02 5.0846590e-02
    8.772700     8.772700     8.772700 -1.455962e-04 5.605231e-05 -1.901745e-03 2.6386800e-03 -2.4127300e-03 5.0714630e-02 5.0840511e-02
    6.816800     6.816800     6.816800 1.082604e-02 1.818803e-03 -1.015282e-01 5.0430000e-03 -3.6595100e-03 9.8482000e-02 9.8678915e-02
    6.825300     6.825300     6.825300 1.022318e-02 1.690723e-03 -9.452925e-02 4.6125000e-03 -3.5170650e-03 9.4464000e-02 9.4641916e-02
    6.833775     6.833775     6.833775 9.462906e-03 1.546035e-03 -8.651671e-02 4.2025000e-03 -3.3617800e-03 9.0425500e-02 9.0585504e-02
    6.842250     6.842250     6.842250 7.537826e-03 1.220669e-03 -6.841970e-02 3.8130000e-03 -3.1974100e-03 8.6387000e-02 8.6530204e-02
    6.850750     6.850750     6.850750 7.653223e-03 1.237510e-03 -6.920196e-02 3.3825000e-03 -3.0534900e-03 8.2369000e-02 8.2494953e-02
    6.859225     6.859225     6.859225 6.480545e-03 1.055595e-03 -5.886250e-02 2.9520000e-03 -2.8898600e-03 7.8371500e-02 7.8480301e-02
    6.867700     6.867700     6.867700 5.124923e-03 8.599067e-04 -4.762602e-02 2.5215000e-03 -2.7460650e-03 7.4374000e-02 7.4467380e-02
    6.876200     6.876200     6.876200 3.187655e-03 5.792523e-04 -3.155551e-02 2.1115000e-03 -2.5920350e-03 7.0356000e-02 7.0435388e-02
    6.884700     6.884700     6.884700 1.773797e-03 4.303805e-04 -2.251910e-02 1.7015000e-03 -2.4380050e-03 6.6338000e-02 6.6404587e-02
    6.893200     6.893200     6.893200 -5.868746e-04 1.529931e-04 -6.090925e-03 1.2710000e-03 -2.2759500e-03 6.2320000e-02 6.2374496e-02
    7.056975     7.056975     7.056975 -2.929666e-03 1.431900e-03 -6.579511e-02 5.0635000e-03 -3.7897050e-03 9.8461500e-02 9.8664421e-02
    7.055650     7.055650     7.055650 -2.623345e-03 1.354364e-03 -6.220804e-02 4.6330000e-03 -3.6470800e-03 9.4423000e-02 9.4606917e-02
    7.054325     7.054325     7.054325 -2.309626e-03 1.270512e-03 -5.833226e-02 4.2230000e-03 -3.4707850e-03 9.0425500e-02 9.0590569e-02
    7.053000     7.053000     7.053000 -1.759902e-03 1.034411e-03 -4.759818e-02 3.7925000e-03 -3.3291550e-03 8.6428000e-02 8.6575201e-02
    7.051700     7.051700     7.051700 -1.707937e-03 1.093456e-03 -5.015664e-02 3.3620000e-03 -3.1852400e-03 8.2410000e-02 8.2540032e-02
    7.050400     7.050400     7.050400 -1.389375e-03 9.889669e-04 -4.533486e-02 2.9315000e-03 -3.0212250e-03 7.8392000e-02 7.8504950e-02
    7.049100     7.049100     7.049100 -1.078130e-03 8.761181e-04 -4.013768e-02 2.5215000e-03 -2.8671950e-03 7.4374000e-02 7.4471945e-02
    7.047800     7.047800     7.047800 -6.953639e-04 6.667377e-04 -3.042682e-02 2.1115000e-03 -2.7131650e-03 7.0356000e-02 7.0439949e-02
    7.046500     7.046500     7.046500 -5.256056e-04 6.211512e-04 -2.842285e-02 1.6810000e-03 -2.5672900e-03 6.6338000e-02 6.6408938e-02
    7.045175     7.045175     7.045175 -2.546980e-04 4.228594e-04 -1.933480e-02 1.2505000e-03 -2.4042900e-03 6.2299500e-02 6.2358416e-02
    7.297125     7.297125     7.297125 -1.953137e-03 6.832606e-04 -2.999384e-02 5.0430000e-03 -3.9213900e-03 9.8461500e-02 9.8668516e-02
    7.286000     7.286000     7.286000 -1.785077e-03 6.492594e-04 -2.842727e-02 4.6330000e-03 -3.7683300e-03 9.4464000e-02 9.4652587e-02
    7.274900     7.274900     7.274900 -1.610232e-03 6.120423e-04 -2.672226e-02 4.2025000e-03 -3.6033350e-03 9.0446000e-02 9.0615252e-02
    7.263800     7.263800     7.263800 -1.260595e-03 5.005110e-04 -2.185498e-02 3.7720000e-03 -3.4604000e-03 8.6428000e-02 8.6579452e-02
    7.252700     7.252700     7.252700 -1.265587e-03 5.321579e-04 -2.309216e-02 3.3620000e-03 -3.3058800e-03 8.2410000e-02 8.2544776e-02
    7.241600     7.241600     7.241600 -1.077626e-03 4.845204e-04 -2.094624e-02 2.9520000e-03 -3.1513600e-03 7.8392000e-02 7.8510834e-02
    7.230475     7.230475     7.230475 -8.877373e-04 4.322652e-04 -1.860809e-02 2.5215000e-03 -2.9871750e-03 7.4353500e-02 7.4456189e-02
    7.219350     7.219350     7.219350 -6.187655e-04 3.311520e-04 -1.414283e-02 2.0910000e-03 -2.8417400e-03 7.0315000e-02 7.0403459e-02
    7.208250     7.208250     7.208250 -5.200451e-04 3.089430e-04 -1.318321e-02 1.6810000e-03 -2.6872200e-03 6.6297000e-02 6.6372729e-02
    7.197125     7.197125     7.197125 -2.992023e-04 2.055902e-04 -8.724517e-03 1.2710000e-03 -2.5333900e-03 6.2299500e-02 6.2363942e-02
    7.537300     7.537300     7.537300 -2.598925e-03 8.834131e-04 -3.731467e-02 5.0635000e-03 -4.0534750e-03 9.8482000e-02 9.8695360e-02
    7.516400     7.516400     7.516400 -2.381265e-03 8.410633e-04 -3.536495e-02 4.6330000e-03 -3.8879900e-03 9.4464000e-02 9.4657427e-02
    7.495500     7.495500     7.495500 -2.153730e-03 7.941989e-04 -3.323457e-02 4.2230000e-03 -3.7334700e-03 9.0446000e-02 9.0621473e-02
    7.474600     7.474600     7.474600 -1.760752e-03 6.782848e-04 -2.828798e-02 3.8130000e-03 -3.5789500e-03 8.6428000e-02 8.6586067e-02
    7.453700     7.453700     7.453700 -1.695648e-03 6.913661e-04 -2.862320e-02 3.3825000e-03 -3.4355250e-03 8.2410000e-02 8.2550907e-02
    7.432775     7.432775     7.432775 -1.448597e-03 6.302030e-04 -2.592425e-02 2.9520000e-03 -3.2707450e-03 7.8371500e-02 7.8495249e-02
    7.411825     7.411825     7.411825 -1.196353e-03 5.617584e-04 -2.294670e-02 2.5420000e-03 -3.1162750e-03 7.4353500e-02 7.4462178e-02
    7.390900     7.390900     7.390900 -8.021498e-04 4.114047e-04 -1.664839e-02 2.1115000e-03 -2.9725850e-03 7.0356000e-02 7.0450418e-02
    7.370000     7.370000     7.370000 -7.072663e-04 3.988416e-04 -1.605222e-02 1.6810000e-03 -2.8105300e-03 6.6338000e-02 6.6418786e-02
    7.349100     7.349100     7.349100 -3.978476e-04 2.562537e-04 -1.021907e-02 1.2710000e-03 -2.6560100e-03 6.2320000e-02 6.2389520e-02
    7.777500     7.777500     7.777500 -2.080354e-03 7.259964e-04 -2.881415e-02 5.0635000e-03 -4.1726450e-03 9.8482000e-02 9.8700326e-02
    7.746800     7.746800     7.746800 -1.905424e-03 6.920519e-04 -2.727220e-02 4.6535000e-03 -4.0176350e-03 9.4464000e-02 9.4663846e-02
    7.716100     7.716100     7.716100 -1.722760e-03 6.545161e-04 -2.559171e-02 4.2025000e-03 -3.8656950e-03 9.0446000e-02 9.0626064e-02
    7.685375     7.685375     7.685375 -1.283601e-03 5.093946e-04 -1.979389e-02 3.7720000e-03 -3.7002750e-03 8.6407500e-02 8.6568909e-02
    7.654650     7.654650     7.654650 -1.372081e-03 5.753816e-04 -2.213655e-02 3.3620000e-03 -3.5653600e-03 8.2369000e-02 8.2514647e-02
    7.623925     7.623925     7.623925 -1.174029e-03 5.257836e-04 -2.002697e-02 2.9520000e-03 -3.3913350e-03 7.8371500e-02 7.8500366e-02
    7.593200     7.593200     7.593200 -9.705048e-04 4.694296e-04 -1.768381e-02 2.5215000e-03 -3.2487250e-03 7.4374000e-02 7.4487610e-02
    7.562500     7.562500     7.562500 -7.084381e-04 3.752829e-04 -1.395157e-02 2.1115000e-03 -3.0937150e-03 7.0356000e-02 7.0455633e-02
    7.531800     7.531800     7.531800 -5.532980e-04 3.243865e-04 -1.192561e-02 1.7015000e-03 -2.9387050e-03 6.6338000e-02 6.6424855e-02
    7.501100     7.501100     7.501100 -3.036187e-04 2.032826e-04 -7.365460e-03 1.2505000e-03 -2.7867650e-03 6.2320000e-02 6.2394809e-02
    8.017700     8.017700     8.017700 -1.023800e-03 3.631136e-04 -1.384370e-02 5.0635000e-03 -4.2918150e-03 9.8482000e-02 9.8705436e-02
    7.977175     7.977175     7.977175 -9.373097e-04 3.462385e-04 -1.308451e-02 4.6330000e-03 -4.1487850e-03 9.4443500e-02 9.4648042e-02
    7.936650     7.936650     7.936650 -8.467783e-04 3.274119e-04 -1.225483e-02 4.2230000e-03 -3.9928500e-03 9.0405000e-02 9.0591614e-02
    7.896125     7.896125     7.896125 -6.645532e-04 2.687291e-04 -9.990078e-03 3.7925000e-03 -3.8293750e-03 8.6407500e-02 8.6575419e-02
    7.855600     7.855600     7.855600 -6.687921e-04 2.865445e-04 -1.050816e-02 3.3620000e-03 -3.6879000e-03 8.2410000e-02 8.2560958e-02
    7.815100     7.815100     7.815100 -5.700290e-04 2.610482e-04 -9.455086e-03 2.9315000e-03 -3.5248650e-03 7.8392000e-02 7.8525945e-02
    7.774600     7.774600     7.774600 -4.682518e-04 2.317277e-04 -8.279646e-03 2.5215000e-03 -3.3698550e-03 7.4374000e-02 7.4492991e-02
    7.734100     7.734100     7.734100 -3.228708e-04 1.747914e-04 -6.137762e-03 2.1115000e-03 -3.2148450e-03 7.0356000e-02 7.0461056e-02
    7.693575     7.693575     7.693575 -2.633267e-04 1.569757e-04 -5.449026e-03 1.6810000e-03 -3.0687450e-03 6.6317500e-02 6.6409741e-02
    7.653050     7.653050     7.653050 -1.424286e-04 9.669294e-05 -3.297506e-03 1.2710000e-03 -2.9124500e-03 6.2279000e-02 6.2360016e-02
    8.257875     8.257875     8.257875 -1.313674e-03 4.806397e-04 -1.755675e-02 5.0430000e-03 -4.4238450e-03 9.8461500e-02 9.8689763e-02
    8.207525     8.207525     8.207525 -1.203377e-03 4.591790e-04 -1.659749e-02 4.6330000e-03 -4.2683950e-03 9.4443500e-02 9.4653360e-02
    8.157200     8.157200     8.157200 -1.087239e-03 4.348284e-04 -1.553940e-02 4.2230000e-03 -4.1145100e-03 9.0446000e-02 9.0637971e-02
    8.106900     8.106900     8.106900 -8.537957e-04 3.577627e-04 -1.266999e-02 3.8130000e-03 -3.9590100e-03 8.6428000e-02 8.6602609e-02
    8.056600     8.056600     8.056600 -8.587153e-04 3.815400e-04 -1.331061e-02 3.3825000e-03 -3.8160750e-03 8.2410000e-02 8.2567620e-02
    8.006300     8.006300     8.006300 -7.292811e-04 3.467950e-04 -1.192466e-02 2.9520000e-03 -3.6530400e-03 7.8392000e-02 7.8532571e-02
    7.955975     7.955975     7.955975 -5.954051e-04 3.063925e-04 -1.036862e-02 2.5215000e-03 -3.4896300e-03 7.4353500e-02 7.4478040e-02
    7.905650     7.905650     7.905650 -4.067988e-04 2.291373e-04 -7.607593e-03 2.0910000e-03 -3.3449700e-03 7.0315000e-02 7.0425566e-02
    7.855325     7.855325     7.855325 -3.261422e-04 2.026119e-04 -6.629412e-03 1.6810000e-03 -3.1903150e-03 6.6317500e-02 6.6415470e-02
    7.805000     7.805000     7.805000 -1.721090e-04 1.218349e-04 -3.905943e-03 1.2710000e-03 -3.0360700e-03 6.2320000e-02 6.2406855e-02
    8.489200     8.489200     8.489200 -1.757256e-03 8.051924e-04 -2.299808e-02 7.3800000e-03 -4.9157600e-03 1.4061360e-01 1.4089292e-01
    8.489200     8.489200     8.489200 -1.749390e-03 8.016252e-04 -2.289494e-02 7.3800000e-03 -4.9157600e-03 1.4061360e-01 1.4089292e-01
    8.489200     8.489200     8.489200 -1.736757e-03 7.958329e-04 -2.272966e-02 7.3554000e-03 -4.9014700e-03 1.4061360e-01 1.4089113e-01
    8.489200     8.489200     8.489200 -1.577854e-03 7.229927e-04 -2.065002e-02 7.3554000e-03 -4.9014700e-03 1.4061360e-01 1.4089113e-01
    8.489200     8.489200     8.489200 -1.702427e-03 7.801127e-04 -2.228047e-02 7.3800000e-03 -4.9157600e-03 1.4061360e-01 1.4089292e-01
    8.489200     8.489200     8.489200 -1.678796e-03 7.692618e-04 -2.197119e-02 7.3800000e-03 -4.9157600e-03 1.4061360e-01 1.4089292e-01
    8.489200     8.489200     8.489200 -1.397373e-03 6.405579e-04 -1.829510e-02 7.3800000e-03 -4.9157600e-03 1.4061360e-01 1.4089292e-01
    8.489200     8.489200     8.489200 -1.444935e-03 6.624889e-04 -1.892118e-02 7.3554000e-03 -4.9014700e-03 1.4061360e-01 1.4089113e-01
    8.489200     8.489200     8.489200 -1.398681e-03 6.412445e-04 -1.831544e-02 7.3554000e-03 -4.9014700e-03 1.4061360e-01 1.4089113e-01
    8.489200     8.489200     8.489200 -1.329770e-03 6.096969e-04 -1.741333e-02 7.3800000e-03 -4.9157600e-03 1.4061360e-01 1.4089292e-01
    8.775050     8.775050     8.775050 -4.455362e-04 2.023317e-04 -5.778723e-03 7.3800000e-03 -4.9174800e-03 1.4066280e-01 1.4094208e-01
    8.775050     8.775050     8.775050 -4.437320e-04 2.015195e-04 -5.755349e-03 7.3800000e-03 -4.9174800e-03 1.4066280e-01 1.4094208e-01
    8.775050     8.775050     8.775050 -4.408314e-04 2.001992e-04 -5.717769e-03 7.3800000e-03 -4.9174800e-03 1.4066280e-01 1.4094208e-01
    8.775050     8.775050     8.775050 -4.003999e-04 1.818372e-04 -5.193305e-03 7.3554000e-03 -4.9031850e-03 1.4066280e-01 1.4094029e-01
    8.775050     8.775050     8.775050 -4.314855e-04 1.959565e-04 -5.596490e-03 7.3554000e-03 -4.9031850e-03 1.4066280e-01 1.4094029e-01
    8.775050     8.775050     8.775050 -4.250276e-04 1.930180e-04 -5.512741e-03 7.3800000e-03 -4.9174800e-03 1.4066280e-01 1.4094208e-01
    8.775050     8.775050     8.775050 -4.986229e-04 2.266728e-04 -6.473729e-03 7.3800000e-03 -4.9174800e-03 1.4066280e-01 1.4094208e-01
    8.775050     8.775050     8.775050 -5.780284e-04 2.628259e-04 -7.506622e-03 7.3800000e-03 -4.9174800e-03 1.4066280e-01 1.4094208e-01
    8.775050     8.775050     8.775050 -5.575973e-04 2.535515e-04 -7.241381e-03 7.3554000e-03 -4.9031850e-03 1.4066280e-01 1.4094029e-01
    8.775050     8.775050     8.775050 -5.223681e-04 2.375346e-04 -6.783942e-03 7.3554000e-03 -4.9031850e-03 1.4066280e-01 1.4094029e-01
    8.468375     8.468375     8.468375 -6.640795e-04 2.576393e-04 -8.942465e-03 5.9962500e-03 -5.5404050e-03 1.1951062e-01 1.1978915e-01
    8.396625     8.396625     8.396625 -5.978196e-04 2.450732e-04 -8.364679e-03 5.3636000e-03 -5.3140400e-03 1.1358642e-01 1.1383709e-01
    8.324875     8.324875     8.324875 -5.807470e-04 2.531374e-04 -8.509001e-03 4.7034100e-03 -5.1023000e-03 1.0759355e-01 1.0781710e-01
    8.253125     8.253125     8.253125 -4.428616e-04 2.072922e-04 -6.851098e-03 4.0950000e-03 -4.8613100e-03 1.0166813e-01 1.0186662e-01
    8.181400     8.181400     8.181400 -3.629413e-04 1.848628e-04 -5.977419e-03 3.4856250e-03 -4.6428450e-03 9.5745000e-02 9.5920856e-02
    8.109650     8.109650     8.109650 -3.050623e-04 1.715898e-04 -5.434563e-03 2.8768400e-03 -4.4024200e-03 8.9815920e-02 8.9969756e-02
    8.037875     8.037875     8.037875 -1.788672e-04 1.136351e-04 -3.515709e-03 2.2425000e-03 -4.1776600e-03 8.3874375e-02 8.4008288e-02
    7.966125     7.966125     7.966125 -8.223230e-05 6.043649e-05 -1.817191e-03 1.6087500e-03 -3.9512950e-03 7.7926875e-02 7.8043569e-02
    8.713525     8.713525     8.713525 -3.090424e-04 1.230699e-04 -4.134708e-03 5.9718750e-03 -5.7009800e-03 1.1951063e-01 1.1979547e-01
    8.629575     8.629575     8.629575 -2.773909e-04 1.167246e-04 -3.855192e-03 5.3392200e-03 -5.4985200e-03 1.1358642e-01 1.1384470e-01
    8.545625     8.545625     8.545625 -2.674094e-04 1.198350e-04 -3.890389e-03 4.7277800e-03 -5.2563100e-03 1.0759355e-01 1.0782557e-01
    8.461700     8.461700     8.461700 -2.015805e-04 9.717535e-05 -3.095405e-03 4.1193750e-03 -5.0171150e-03 1.0169250e-01 1.0189949e-01
    8.377800     8.377800     8.377800 -1.618981e-04 8.492009e-05 -2.645266e-03 3.5100000e-03 -4.7969200e-03 9.5745000e-02 9.5929326e-02
    8.293850     8.293850     8.293850 -1.282423e-04 7.434296e-05 -2.263756e-03 2.8768400e-03 -4.5699000e-03 8.9815920e-02 8.9978107e-02
    8.209900     8.209900     8.209900 -6.357817e-05 4.161384e-05 -1.235973e-03 2.2425000e-03 -4.3440600e-03 8.3850000e-02 8.3992393e-02
    8.125975     8.125975     8.125975 -1.871164e-05 1.394382e-05 -4.044157e-04 1.6087500e-03 -4.1188400e-03 7.7926875e-02 7.8052231e-02
